0	113	121	156	179	140	84	138	145	125	49	177	158	91	180	193	136	101	183	74	46	189	102	135	177	162	30	90	197	184	148	90	39	23	36	60	76	160	109	21	133	164	126	173	31	72	193	200	84	41	134	
21	0	66	50	145	120	145	88	113	34	129	85	200	159	183	156	162	59	120	97	73	22	98	114	196	190	65	164	74	27	130	65	119	124	182	191	111	67	105	32	195	84	119	167	23	41	155	77	169	30	89	
187	177	0	126	68	88	99	112	169	36	71	67	61	107	105	84	54	133	122	107	52	143	82	164	148	105	129	107	128	102	125	88	26	136	35	119	107	114	74	182	148	185	195	133	65	169	121	36	25	137	172	
186	183	173	0	60	126	99	50	37	78	79	135	111	86	82	45	54	167	29	62	114	148	183	156	79	53	182	89	78	67	70	155	83	127	90	150	81	178	88	134	146	184	165	169	56	57	36	105	149	184	50	
164	78	75	97	0	58	139	130	159	67	165	140	69	102	46	99	162	200	92	96	106	22	197	22	59	123	160	154	128	161	123	138	54	133	44	123	111	142	71	196	75	157	29	57	122	155	126	51	142	45	36	
108	77	140	155	163	0	143	71	96	104	135	48	97	52	152	132	151	185	191	60	108	171	107	165	179	200	182	34	170	91	76	181	85	191	132	47	32	199	25	166	72	143	108	144	84	44	36	161	131	116	175	
154	147	103	160	130	164	0	137	99	116	124	187	52	199	194	146	38	118	128	78	187	61	119	195	77	170	145	52	176	37	153	188	119	83	193	97	83	135	60	178	67	76	33	97	153	54	63	70	104	188	47	
46	49	186	158	177	166	197	0	51	142	177	135	81	137	148	28	118	88	117	156	199	74	39	103	88	64	96	107	44	156	153	55	109	92	67	172	102	174	198	74	72	151	65	192	46	75	169	130	198	30	112	
139	29	113	81	164	173	111	191	0	130	112	174	163	27	99	152	75	42	197	106	86	170	191	80	182	138	159	172	177	154	54	135	68	129	98	97	53	48	180	107	162	163	136	83	50	67	42	190	20	173	129	
177	69	164	75	189	33	76	84	24	0	56	103	188	58	165	68	104	166	63	170	192	55	194	150	22	146	36	70	129	135	21	38	173	95	107	63	189	37	78	122	109	59	157	158	110	132	129	197	68	43	51	
70	167	64	32	168	87	186	165	181	136	0	46	117	75	36	144	35	164	51	109	125	107	90	87	103	117	137	106	75	43	100	132	156	40	27	193	111	149	195	151	37	79	164	143	51	155	94	138	120	171	158	
48	129	54	64	76	182	140	165	103	145	174	0	30	128	26	70	157	143	24	200	44	185	36	112	149	160	187	92	142	43	49	159	149	188	125	152	190	60	67	104	106	172	176	196	177	29	180	119	138	98	107	
54	24	200	76	122	146	183	129	194	182	104	120	0	136	101	57	28	55	189	94	108	80	197	75	149	49	163	97	146	58	60	152	177	26	141	35	198	131	115	99	85	55	166	109	131	196	49	185	20	32	93	
77	147	134	78	192	132	88	128	153	87	28	67	147	0	120	189	68	23	121	165	113	165	118	98	151	151	126	174	100	150	78	179	142	162	182	171	101	132	94	121	187	177	125	113	134	100	170	153	145	156	116	
119	171	179	157	98	137	165	96	64	53	115	92	26	179	0	120	171	193	135	94	121	117	101	44	60	65	68	128	138	147	71	22	107	38	31	143	56	93	124	53	91	133	138	56	22	193	172	24	62	49	60	
104	134	61	92	44	50	157	91	63	141	158	183	42	87	72	0	200	66	64	79	42	40	197	158	187	118	111	104	65	66	54	146	110	26	21	29	66	161	64	88	32	192	111	21	51	57	38	118	153	176	68	
109	87	160	187	176	104	113	45	83	32	66	172	23	189	156	170	0	134	147	139	107	106	183	55	61	96	29	114	71	56	198	92	150	78	191	161	137	173	27	150	157	72	51	103	76	56	129	52	56	147	182	
126	125	191	34	183	52	181	124	41	79	20	129	24	105	96	85	174	0	169	199	166	43	143	189	71	110	174	128	176	123	136	76	178	94	139	182	126	79	189	98	189	148	147	177	99	43	87	180	135	156	67	
150	150	31	169	75	41	57	73	149	77	195	164	63	78	41	62	130	154	0	49	130	147	149	167	112	190	89	101	37	172	39	111	200	152	45	95	41	87	161	179	148	89	196	97	89	142	115	43	103	157	188	
177	84	150	102	45	69	170	143	113	58	70	121	169	139	75	150	43	43	193	0	97	163	77	45	148	130	92	48	126	179	131	180	128	74	43	181	95	59	194	51	110	75	112	34	118	169	39	183	114	187	194	
172	54	191	145	183	190	118	126	156	184	136	167	35	113	118	149	58	132	70	82	0	88	156	49	128	83	196	192	63	200	91	71	93	43	75	36	49	171	123	141	40	107	180	128	27	198	70	26	199	162	46	
89	107	140	44	191	147	193	199	55	47	51	130	141	74	175	120	193	106	116	52	46	0	119	20	186	45	79	192	27	179	99	124	132	170	119	81	102	108	161	79	25	113	104	101	152	21	56	182	180	165	156	
90	101	84	29	118	125	107	74	120	119	110	186	86	29	157	181	76	57	54	168	115	56	0	122	192	178	151	93	70	26	82	44	134	67	179	151	172	35	45	99	173	70	85	100	142	28	167	31	73	176	86	
22	97	120	171	129	93	85	88	46	98	84	61	155	145	90	145	159	179	160	61	116	49	107	0	86	115	131	30	196	110	123	147	103	125	141	182	89	152	148	158	176	183	147	176	109	194	48	108	28	83	174	
134	176	71	193	130	114	49	168	52	162	34	76	55	179	135	47	80	103	73	67	62	142	59	183	0	83	91	47	160	60	103	64	82	104	132	165	188	140	176	192	77	110	109	148	198	187	102	143	75	198	61	
132	115	164	149	64	112	112	96	106	26	163	113	185	77	29	44	131	117	184	158	124	33	137	84	33	0	54	100	63	185	27	137	196	190	186	54	144	146	168	74	98	186	118	175	160	122	164	123	165	147	191	
166	96	175	74	79	191	158	60	78	129	86	111	76	193	125	188	190	150	38	79	125	33	114	154	147	199	0	98	173	72	158	176	71	74	130	45	190	22	137	139	181	92	119	82	56	199	109	99	101	149	63	
68	86	192	99	185	163	129	116	74	155	106	41	65	44	53	143	179	100	196	106	123	114	75	63	34	77	159	0	79	137	96	185	37	22	21	184	192	29	162	112	34	79	104	130	89	59	64	181	170	109	161	
111	35	39	73	69	172	137	70	40	55	116	140	105	189	44	55	52	122	64	43	186	120	29	86	161	62	87	117	0	96	123	106	150	96	29	171	161	39	125	45	130	95	144	169	20	200	172	138	46	82	45	
93	64	26	77	147	45	91	102	184	80	119	114	155	81	166	97	136	153	111	32	30	199	168	83	33	133	31	56	70	0	197	153	37	121	107	50	129	154	26	35	50	52	172	73	84	62	160	21	110	88	45	
122	171	21	127	66	20	88	146	167	167	45	132	113	81	127	71	90	57	134	73	183	76	111	181	136	40	156	68	174	169	0	152	113	118	51	125	138	157	85	76	56	167	75	158	188	34	94	72	134	95	96	
184	177	157	81	65	185	109	138	39	93	53	115	89	103	186	52	121	79	22	176	41	35	38	150	74	40	135	182	122	146	161	0	62	98	86	34	56	50	54	179	96	94	139	123	168	85	100	132	35	72	152	
51	162	51	125	120	95	20	82	40	33	196	159	58	157	195	66	155	122	187	78	96	103	152	44	77	161	146	179	126	165	90	73	0	185	121	139	172	106	51	191	139	66	172	110	98	73	187	190	79	73	71	
193	197	28	138	185	127	147	92	76	89	114	158	132	81	150	89	117	165	95	126	25	40	200	173	113	198	86	94	111	89	78	41	118	0	178	192	58	146	151	105	174	40	83	188	193	34	182	106	33	151	69	
67	145	51	48	33	186	35	42	139	172	167	58	51	146	39	21	166	101	31	138	123	24	99	155	90	66	131	165	61	43	118	74	125	171	0	167	71	183	148	102	172	150	62	122	159	179	156	162	47	61	160	
170	148	48	75	135	48	32	194	106	21	71	41	96	166	59	162	132	186	145	130	167	134	26	139	163	137	81	124	71	123	107	188	115	101	172	0	134	196	32	110	141	64	50	106	64	170	97	38	45	110	121	
167	182	71	179	191	57	184	161	153	154	184	26	100	111	105	185	49	153	160	101	131	67	198	107	158	56	111	128	84	187	160	53	95	49	61	122	0	165	47	198	91	60	34	184	24	169	146	44	50	81	150	
161	111	23	68	140	156	200	65	174	196	136	109	149	175	74	190	146	48	80	96	76	55	176	180	28	63	130	71	155	23	71	162	168	159	110	96	170	0	150	198	129	144	198	149	132	61	141	25	135	63	166	
79	65	50	176	166	95	93	77	166	181	47	37	166	78	138	88	168	102	112	137	169	196	45	151	73	186	174	169	74	143	180	160	116	46	175	148	150	123	0	106	171	85	112	180	30	46	48	44	130	151	55	
86	48	95	102	182	30	43	97	197	34	123	188	91	32	159	32	24	141	103	182	108	117	93	59	121	47	144	36	125	148	64	171	47	72	76	126	128	196	82	0	112	81	85	184	79	166	95	88	174	52	105	
21	161	189	165	147	54	101	193	195	143	95	184	51	118	79	171	151	153	124	56	24	197	148	139	42	165	47	90	169	187	107	44	140	191	102	96	87	193	83	95	0	185	70	28	155	179	61	21	191	180	138	
160	30	28	104	185	51	43	102	108	178	136	59	163	132	102	46	175	118	169	185	139	35	81	76	200	128	81	137	43	185	119	80	192	125	53	26	28	147	125	185	49	0	146	118	90	191	172	171	45	103	186	
23	25	160	140	143	167	74	109	86	146	169	72	172	43	44	180	95	38	188	73	148	29	73	125	172	57	78	167	129	190	142	92	177	185	137	157	21	55	41	45	50	197	0	45	54	71	29	76	153	118	110	
178	41	102	174	121	76	37	74	129	48	35	64	165	142	21	20	142	181	63	73	135	64	43	129	187	182	41	96	87	105	20	183	133	131	175	123	55	47	200	30	170	156	124	0	51	40	61	147	38	157	162	
140	138	57	27	166	71	198	138	174	138	75	30	195	99	128	183	134	49	64	112	117	167	146	156	20	62	53	130	40	41	149	176	140	29	145	40	60	131	114	163	34	94	138	105	0	143	120	89	93	34	186	
34	180	93	79	34	151	178	119	100	181	149	34	167	21	149	69	48	94	88	138	161	22	112	181	56	80	26	46	97	154	50	90	47	23	133	95	168	48	100	78	24	96	25	84	145	0	130	134	48	147	123	
29	154	198	199	75	105	188	149	96	191	29	177	187	114	20	80	103	190	164	43	48	121	163	165	125	54	93	166	31	179	133	103	163	117	105	57	129	116	54	73	166	46	138	108	29	36	0	116	126	123	193	
52	70	76	23	149	43	42	96	166	21	61	104	164	195	56	87	43	21	84	116	54	149	34	65	55	139	162	81	109	166	93	55	198	21	21	104	91	104	33	115	49	138	184	129	73	31	107	0	159	31	193	
84	91	138	47	133	63	189	150	24	180	66	105	171	146	178	187	79	42	186	127	63	168	194	66	146	137	71	33	54	74	108	92	122	32	160	60	52	183	90	93	142	183	168	185	38	165	53	123	0	154	88	
183	199	164	199	30	135	110	185	49	67	64	131	188	73	139	89	99	35	180	113	125	66	76	108	31	21	183	77	58	82	168	161	171	31	105	173	21	102	65	58	188	127	64	160	129	74	169	48	134	0	158	
141	141	110	66	20	82	68	36	173	189	157	154	47	64	137	134	23	75	140	198	189	133	169	167	194	164	38	37	171	113	49	168	166	95	171	148	100	147	177	42	32	195	189	158	112	113	112	144	189	138	0	
