0	45	113	61	159	87	141	113	82	91	173	79	69	196	92	58	86	100	147	72	111	180	159	140	115	50	103	73	40	49	165	131	190	98	88	51	115	146	71	192	148	106	99	23	77	92	23	126	171	179	110	
149	0	193	177	109	67	146	147	181	193	103	83	179	193	155	94	105	109	120	153	156	163	59	151	130	159	109	157	200	141	20	122	151	49	120	169	156	35	197	134	87	117	178	27	82	160	105	83	179	155	54	
79	127	0	51	125	57	47	77	127	163	185	174	128	153	34	113	93	143	37	92	153	131	142	97	147	126	160	89	184	141	188	175	67	157	170	95	69	164	179	33	153	139	68	102	145	20	123	155	115	46	100	
164	112	42	0	152	147	123	185	121	102	46	191	93	49	196	25	154	175	95	155	188	147	73	162	77	39	140	106	182	41	174	47	194	41	32	49	23	172	95	107	171	107	138	54	33	143	30	94	185	182	195	
116	78	199	40	0	199	49	86	96	51	33	118	109	112	61	135	140	55	72	145	171	118	154	122	137	79	93	136	44	63	110	76	46	187	155	186	189	170	32	131	181	138	69	70	64	173	128	117	132	89	104	
147	137	133	172	91	0	145	23	124	73	83	198	155	169	30	77	138	22	40	60	35	49	152	183	197	164	81	161	182	117	33	200	169	92	152	64	174	109	118	133	147	183	70	111	161	187	135	76	115	192	119	
72	174	134	77	109	79	0	199	102	79	74	181	30	49	101	31	30	185	132	154	66	111	82	30	27	137	129	183	168	116	101	92	182	109	146	126	197	192	153	116	200	126	106	117	155	163	181	155	30	88	74	
39	118	116	65	54	142	20	0	93	58	189	152	187	36	198	196	197	94	104	97	160	120	123	139	200	120	27	164	39	106	48	35	171	139	87	172	81	87	165	195	29	196	89	35	185	56	120	50	141	95	141	
119	68	122	159	170	196	171	80	0	114	135	150	133	187	144	167	166	175	190	78	109	31	179	173	120	164	45	187	50	143	53	63	131	129	144	126	51	195	198	29	118	108	25	39	134	60	156	170	46	123	76	
149	92	100	151	29	197	188	139	76	0	95	86	106	103	142	185	155	122	127	61	53	167	96	75	118	91	121	195	133	124	59	26	83	146	43	151	53	146	159	103	137	90	89	150	89	107	33	103	73	28	131	
192	153	41	36	184	30	146	127	77	24	0	112	27	47	132	142	184	25	46	84	64	132	108	107	76	105	53	135	124	165	93	29	77	173	101	29	168	198	65	192	117	71	114	192	135	139	121	83	101	66	121	
174	181	110	25	168	123	100	105	127	109	58	0	157	70	76	95	142	148	35	148	30	135	178	161	107	122	48	100	20	198	31	142	103	82	107	171	53	85	174	142	59	194	181	27	69	102	198	132	103	90	170	
139	76	153	38	167	77	41	61	23	183	193	36	0	142	67	136	118	39	148	188	128	160	40	50	38	92	192	28	22	166	191	26	28	31	148	197	74	199	183	108	116	74	81	117	108	174	65	155	193	180	70	
114	150	115	48	127	91	25	21	42	41	182	23	188	0	115	57	196	71	190	63	77	184	147	134	157	183	155	72	88	144	191	88	160	184	117	156	110	192	23	98	62	119	35	157	57	131	188	53	72	109	197	
166	163	103	91	27	104	100	20	37	73	124	51	70	173	0	108	193	97	112	180	89	74	133	87	21	192	170	37	29	168	196	80	47	107	190	171	134	158	84	69	99	62	127	187	57	173	152	89	191	27	44	
180	118	39	64	106	166	127	94	69	89	180	98	137	124	39	0	53	82	101	22	188	25	182	114	86	55	46	62	70	160	60	55	107	90	191	28	80	112	197	118	73	134	179	118	75	176	118	68	113	45	147	
197	113	183	162	198	194	133	124	29	72	112	51	107	136	46	91	0	44	143	23	133	175	125	53	24	32	189	146	130	78	93	155	53	42	161	184	57	85	21	75	147	58	29	187	37	123	163	180	69	134	67	
176	143	97	66	139	38	163	22	46	183	131	30	164	20	139	102	96	0	79	186	147	102	160	21	47	195	128	129	113	47	26	142	33	181	102	182	128	188	155	74	115	143	148	195	173	26	43	83	82	195	22	
109	76	23	155	101	117	114	82	160	94	100	186	49	70	168	86	178	168	0	147	151	182	192	155	70	95	28	123	76	114	121	65	155	166	195	105	58	166	165	20	191	54	184	129	188	181	122	92	193	79	196	
106	198	75	139	103	184	52	160	88	44	75	23	99	148	199	145	176	119	108	0	159	61	58	21	87	98	34	194	158	172	49	64	39	148	189	132	129	125	67	187	58	26	90	53	52	142	56	90	136	51	79	
35	68	104	121	158	97	119	171	97	149	100	167	128	137	68	200	114	68	155	189	0	60	34	155	140	153	28	183	68	132	143	169	22	150	57	169	148	21	118	118	180	49	89	113	89	106	30	38	88	148	169	
189	70	76	78	127	60	141	91	173	124	175	40	117	171	129	182	169	140	47	182	82	0	34	21	64	119	23	116	154	56	44	132	124	48	106	29	36	20	34	32	72	81	121	92	149	86	198	180	120	63	177	
123	95	172	143	53	179	125	160	135	54	160	100	91	135	107	175	53	190	116	84	189	165	0	168	161	98	26	26	23	153	50	58	142	200	48	157	170	185	174	184	47	169	87	145	47	29	176	57	106	168	78	
176	183	190	24	45	128	41	180	106	112	138	112	123	27	36	176	163	73	75	171	191	168	100	0	91	50	121	193	25	83	186	45	64	27	42	98	73	126	24	176	46	141	200	29	103	102	104	77	169	194	93	
116	195	95	139	129	93	147	105	118	67	86	91	97	70	198	40	151	148	49	174	179	157	145	41	0	38	120	42	55	31	192	69	80	51	107	153	20	168	150	69	103	63	148	40	28	67	157	64	196	129	173	
40	34	196	25	24	27	164	166	37	137	200	38	121	115	182	120	144	45	192	65	158	101	142	110	35	0	113	26	62	197	98	35	160	151	110	130	43	42	41	70	154	101	48	139	146	135	104	81	102	77	38	
89	45	140	103	50	182	174	160	142	54	62	148	99	72	84	129	54	180	65	166	100	150	99	175	82	115	0	136	131	59	178	37	133	98	138	21	143	89	153	168	57	132	21	96	126	103	94	145	149	131	165	
110	174	153	106	83	188	58	175	148	143	161	126	78	105	25	82	117	156	76	40	51	180	32	50	36	165	198	0	39	76	88	32	80	46	141	64	190	122	24	134	160	165	31	91	71	164	176	134	101	54	72	
107	74	35	58	105	152	185	130	137	78	100	196	36	92	53	24	26	72	191	194	164	152	175	127	104	147	146	77	0	94	114	153	144	91	191	61	139	64	26	189	139	183	54	25	133	171	52	49	192	151	63	
89	142	127	98	50	114	122	200	160	126	141	85	156	48	62	108	102	187	158	140	36	38	74	118	194	75	140	40	60	0	186	75	132	143	95	148	181	198	151	172	85	150	196	112	44	163	26	170	173	161	52	
131	137	190	184	196	136	140	65	184	56	99	63	63	51	133	54	198	162	97	54	134	181	176	166	157	162	169	69	172	82	0	131	143	29	191	143	115	103	55	170	125	189	110	84	153	159	129	85	103	26	24	
125	157	90	144	26	58	46	146	189	72	64	182	56	127	157	44	89	142	138	121	107	51	98	188	170	139	111	182	189	38	39	0	127	180	35	163	66	160	38	150	123	66	194	200	100	88	26	168	90	111	109	
41	70	66	166	197	67	32	173	66	174	54	122	51	139	156	175	48	39	144	105	113	124	47	191	25	130	112	97	193	143	136	176	0	124	163	186	120	167	98	192	46	40	186	171	86	79	177	104	76	32	131	
45	178	111	160	141	55	95	141	152	26	22	66	115	25	147	100	47	91	184	25	129	34	157	61	164	156	84	198	67	185	70	48	46	0	54	151	155	57	158	174	144	95	168	146	78	68	100	40	153	125	41	
65	36	56	154	32	184	166	140	133	141	156	87	172	105	116	137	154	109	104	174	84	199	177	110	121	28	178	177	137	164	37	100	90	42	0	23	199	189	134	67	184	54	131	115	172	113	67	82	31	76	126	
138	33	56	168	81	175	63	150	198	152	181	44	76	94	64	88	160	174	81	100	75	136	42	176	25	97	90	38	110	84	70	126	179	24	48	0	67	56	78	186	68	180	151	185	136	96	24	49	87	52	52	
142	161	49	27	52	89	144	178	161	111	147	77	162	140	182	27	183	102	101	165	39	188	155	140	77	169	54	39	52	138	153	121	84	168	159	63	0	129	187	74	125	91	82	128	129	141	113	199	69	159	197	
93	153	126	62	43	124	108	74	62	103	129	175	169	113	129	199	126	121	69	38	134	168	142	96	51	22	49	111	57	191	141	125	145	96	141	57	154	0	34	41	118	123	65	164	189	21	179	123	167	147	189	
28	149	78	52	111	87	97	195	158	32	158	188	74	33	102	126	139	170	98	193	195	177	94	131	61	150	127	107	133	192	52	128	87	84	200	83	24	158	0	66	76	106	88	157	108	131	115	168	60	131	158	
99	24	180	145	46	124	158	142	98	29	196	109	136	28	50	64	137	30	172	105	137	68	53	55	35	85	113	146	134	135	78	74	185	59	31	21	143	48	61	0	188	24	92	101	116	47	62	181	74	64	74	
90	74	27	155	82	34	136	24	165	149	96	161	115	123	133	198	124	44	188	158	54	120	162	168	133	193	66	21	191	107	135	172	120	172	24	171	183	155	160	67	0	90	20	128	170	98	24	24	170	42	150	
131	173	22	32	135	155	42	115	84	167	66	92	139	186	131	128	61	117	103	151	189	184	156	103	194	198	93	42	97	59	31	196	75	154	49	64	166	148	55	46	75	0	136	47	41	112	62	79	83	104	169	
151	69	137	188	135	183	89	123	20	76	123	137	142	47	144	171	154	39	186	98	122	102	66	61	103	66	89	51	85	160	50	172	48	111	143	148	20	153	165	81	51	61	0	80	21	140	77	36	190	71	59	
66	77	108	130	154	105	180	81	83	73	186	79	24	105	179	166	112	121	63	181	99	24	158	50	155	55	193	78	71	187	169	56	88	30	36	83	24	50	127	85	105	25	133	0	79	181	28	183	107	196	119	
131	199	65	59	64	162	65	192	143	33	112	128	53	111	183	126	194	73	145	191	37	135	51	147	146	84	193	89	110	137	61	111	197	163	141	87	145	34	51	194	102	197	155	174	0	111	100	125	59	193	114	
112	100	82	180	181	149	72	175	46	26	180	89	191	81	150	178	121	53	25	124	111	61	184	153	69	27	33	106	129	36	74	80	111	161	41	122	187	31	52	25	157	167	49	42	152	0	122	194	120	101	41	
113	166	183	139	96	75	93	126	82	145	49	162	179	84	76	62	126	103	124	23	133	184	93	112	107	82	169	36	27	33	199	65	105	24	184	185	52	48	125	188	67	135	72	75	179	166	0	162	56	58	114	
115	49	118	157	48	192	102	92	27	69	50	25	142	82	69	47	108	113	94	158	128	127	160	75	178	52	122	35	166	89	174	192	102	122	174	146	189	60	171	153	192	54	98	30	169	48	126	0	200	157	59	
184	80	51	129	144	94	24	185	87	117	97	63	36	118	184	71	50	117	54	55	103	63	79	53	194	156	161	23	172	153	199	123	167	168	149	41	135	189	129	136	64	122	50	143	182	67	103	36	0	137	189	
163	71	88	185	169	140	94	177	94	138	198	125	178	165	129	50	83	74	103	181	28	30	59	177	135	21	99	35	27	101	51	152	57	101	77	161	187	44	135	151	161	66	102	164	22	186	89	161	59	0	104	
144	81	96	119	59	32	88	44	61	36	127	153	146	126	178	101	80	23	42	107	142	185	51	164	94	176	138	28	91	72	200	104	88	139	157	135	53	101	194	199	102	162	191	152	189	173	183	87	154	84	0	
