0	188	37	29	146	197	72	84	50	98	185	82	55	160	57	78	67	84	71	22	80	96	91	61	101	52	77	157	56	37	137	186	92	162	50	159	134	45	31	80	98	128	182	126	25	182	72	100	33	152	172	
111	0	132	116	151	152	131	119	72	197	114	65	105	141	81	69	114	142	56	155	64	33	186	107	104	40	52	165	140	89	53	143	121	44	32	86	129	46	74	63	106	133	75	126	94	83	189	98	197	39	49	
116	74	0	87	35	85	180	71	184	134	56	124	126	198	200	126	54	35	166	193	102	115	110	68	198	150	147	82	129	199	32	141	156	41	146	195	134	128	172	134	125	184	176	116	134	74	180	67	108	125	174	
199	70	155	0	176	96	50	69	97	152	141	80	195	153	167	71	88	172	124	54	101	191	176	83	68	138	55	72	51	190	151	184	122	160	107	20	42	151	187	171	52	70	145	153	155	55	46	108	115	155	145	
122	119	122	40	0	194	106	84	48	197	90	134	87	178	194	60	162	32	70	84	78	49	23	135	26	176	163	104	34	136	117	199	36	136	61	191	31	87	33	94	34	84	59	147	84	198	89	117	144	122	98	
156	61	134	131	171	0	145	110	118	150	85	39	69	101	47	38	123	107	149	88	100	115	48	62	82	68	23	118	174	84	103	90	143	116	80	191	150	195	84	115	101	93	65	198	122	180	132	194	148	121	116	
168	84	54	94	88	116	0	165	84	31	143	53	98	86	65	144	103	35	168	57	155	49	52	199	175	130	189	101	22	85	35	180	170	133	156	162	44	171	196	23	109	182	83	22	105	57	188	22	37	113	32	
197	49	102	35	197	155	79	0	131	104	66	128	197	25	102	49	166	187	129	124	176	20	97	45	135	70	156	137	144	168	50	136	108	104	77	20	185	43	169	115	156	108	116	104	72	65	144	164	62	25	200	
82	62	124	194	161	195	192	162	0	180	127	171	39	112	87	75	96	193	159	196	89	178	191	120	104	155	117	123	97	153	172	56	132	155	31	189	199	30	26	24	135	69	192	98	43	156	200	124	107	65	78	
127	110	175	194	152	104	31	48	31	0	125	39	79	73	78	137	125	114	186	44	142	36	104	54	150	28	157	168	112	22	179	32	69	123	132	116	154	182	89	178	25	98	156	70	85	70	62	156	180	44	101	
196	197	75	71	69	42	174	137	92	49	0	101	56	128	31	70	96	121	133	159	88	170	62	169	47	101	176	168	138	109	157	80	111	108	143	116	191	163	129	152	128	46	144	128	72	26	172	85	183	101	177	
54	32	66	35	183	153	103	124	43	77	38	0	158	28	108	189	153	152	96	84	188	98	174	133	26	192	128	158	141	109	153	37	85	139	183	22	93	42	141	183	175	31	159	22	124	100	157	116	60	134	75	
168	129	28	134	114	64	29	152	182	200	89	181	0	118	138	41	165	110	29	82	190	94	156	103	43	99	126	35	82	89	103	134	122	103	115	136	191	35	142	190	69	196	82	24	102	197	49	194	28	195	144	
131	77	71	71	153	196	66	149	66	189	129	83	195	0	120	92	180	66	128	171	95	178	176	197	73	51	158	26	144	86	90	34	165	64	107	67	21	153	126	38	110	137	37	148	24	41	71	69	73	29	112	
117	192	76	114	118	147	46	154	71	47	160	103	144	21	0	40	105	140	172	170	87	151	102	53	155	66	145	99	186	48	60	157	62	88	42	39	60	102	44	158	111	200	126	145	91	179	113	61	76	140	37	
63	120	134	137	50	186	156	159	39	115	155	129	88	160	97	0	72	22	144	87	128	140	57	52	90	154	148	75	197	121	195	184	160	138	46	183	113	140	143	160	63	64	41	160	160	40	126	83	158	85	110	
172	112	155	49	171	162	185	101	146	100	35	108	79	49	33	41	0	80	199	41	95	87	72	83	176	141	129	118	184	85	107	33	90	110	179	193	52	106	132	41	122	143	145	38	95	58	129	179	175	161	165	
60	66	147	47	190	136	112	179	34	67	95	194	175	169	124	166	70	0	48	180	76	193	118	166	148	167	105	119	122	57	177	160	35	29	172	190	63	104	160	50	199	138	72	144	102	140	170	132	50	198	196	
46	37	158	73	179	108	39	100	130	192	116	148	91	55	102	74	90	110	0	104	29	153	165	136	153	62	90	101	27	110	127	43	119	181	121	181	71	104	30	138	90	156	134	111	54	82	170	138	99	182	32	
196	193	61	167	34	163	200	29	37	31	131	138	78	58	172	78	59	186	153	0	154	54	21	116	72	31	168	84	79	42	67	109	34	51	61	104	120	29	130	195	113	139	199	95	86	147	76	121	36	194	54	
104	144	39	81	20	99	157	114	158	72	152	141	70	172	77	123	68	62	101	34	0	141	168	173	71	38	176	57	29	103	175	144	115	87	136	65	138	78	156	85	117	90	89	41	103	120	51	175	144	177	137	
173	184	171	93	149	164	134	89	32	132	37	94	130	194	135	198	197	136	120	129	147	0	141	133	101	73	116	62	23	182	116	131	78	149	175	91	163	136	41	191	103	122	113	137	35	39	112	151	197	110	166	
159	180	161	144	171	173	118	89	106	80	164	170	173	182	178	83	136	110	121	45	102	92	0	22	48	150	152	113	162	94	79	92	47	87	30	35	30	188	22	117	169	125	56	41	167	37	167	48	53	150	65	
97	178	163	199	25	153	80	200	48	183	37	186	109	31	138	101	55	176	63	78	150	195	40	0	53	159	65	112	53	84	136	74	90	186	117	157	104	27	81	57	160	132	127	80	177	175	112	139	169	137	24	
130	49	186	99	76	193	92	146	113	189	96	152	120	118	97	175	130	148	200	67	67	198	74	130	0	138	162	50	99	65	55	200	151	165	71	61	177	153	51	36	21	156	63	180	155	84	127	71	137	109	151	
95	137	94	117	51	81	127	74	63	101	95	171	55	40	31	86	45	132	45	123	59	35	60	44	121	0	32	151	168	55	134	59	80	131	78	118	130	167	149	200	172	176	146	179	135	48	66	200	177	187	156	
133	86	137	181	156	99	105	52	118	84	200	113	59	48	58	181	168	36	151	76	123	137	174	33	187	137	0	131	78	143	43	62	69	25	172	43	153	133	182	30	194	110	173	128	75	166	168	178	41	49	89	
167	157	140	33	86	127	100	175	60	30	25	141	20	124	123	62	190	152	116	123	124	67	73	94	61	179	136	0	92	77	108	28	81	59	87	82	31	103	39	77	70	182	97	91	167	119	60	151	174	167	128	
151	112	173	136	39	162	181	166	107	49	124	38	110	120	73	24	140	196	187	50	190	65	92	133	95	109	198	177	0	91	97	35	138	102	133	45	100	71	161	32	99	48	111	107	154	90	168	193	71	63	123	
76	60	37	196	54	60	51	88	165	114	69	157	37	32	136	175	88	33	74	193	150	55	165	50	96	66	184	182	48	0	165	24	77	72	24	20	81	115	135	108	49	161	21	112	121	176	88	164	123	128	117	
192	118	108	47	83	150	82	44	87	106	144	191	86	179	51	72	140	196	166	170	127	54	39	146	124	125	197	66	51	54	0	129	65	171	134	50	180	69	63	20	88	56	104	61	144	75	190	155	132	98	118	
47	62	190	69	151	110	98	198	159	109	62	43	190	28	25	129	98	110	120	72	102	127	61	100	128	149	43	49	84	140	175	0	76	69	195	83	162	20	31	183	193	144	71	71	184	28	108	31	167	163	198	
189	45	171	84	55	95	77	173	46	115	48	118	153	191	117	71	82	21	123	69	78	125	200	152	95	124	151	93	37	113	168	159	0	88	59	79	162	110	167	86	138	158	168	155	108	104	124	82	64	162	143	
108	196	96	191	140	125	140	82	167	142	94	25	133	119	171	166	96	101	64	154	61	78	160	92	192	162	134	38	145	144	147	180	123	0	191	109	116	113	68	103	110	42	72	34	57	124	83	58	27	100	92	
110	101	52	170	181	68	177	187	163	151	29	94	98	40	30	44	156	166	137	44	67	119	133	127	190	35	64	175	130	37	66	125	162	37	0	164	73	122	70	57	25	131	163	98	135	194	124	103	41	198	40	
34	197	113	129	185	179	165	167	141	199	165	137	76	93	181	152	159	131	23	152	174	110	47	169	152	144	118	172	149	175	104	159	141	162	164	0	31	176	47	179	176	161	149	198	127	175	131	172	118	185	85	
120	34	138	191	103	171	85	188	119	136	116	136	30	103	67	155	68	105	123	48	113	97	47	40	155	22	105	86	57	83	102	184	35	21	114	80	0	95	178	27	199	128	192	25	85	135	170	38	113	76	147	
124	147	43	41	192	148	77	88	164	132	124	84	123	169	194	143	149	98	161	172	191	56	183	82	133	186	151	86	107	150	107	83	65	51	96	180	50	0	29	27	22	120	146	85	40	49	108	199	69	93	101	
119	118	21	69	178	126	46	26	88	114	142	150	142	84	116	79	169	60	36	113	41	166	158	51	165	163	181	198	156	152	113	192	115	200	117	66	21	99	0	56	48	77	30	30	131	118	189	171	81	58	121	
21	89	128	54	71	193	59	142	102	63	44	169	157	27	45	199	28	155	192	159	168	152	83	145	116	109	49	151	64	35	174	197	55	49	129	77	117	135	117	0	179	43	92	46	91	193	157	118	177	88	77	
186	184	80	141	197	192	55	194	195	50	195	144	129	42	42	49	166	119	115	41	34	87	121	104	189	182	131	157	186	132	21	58	65	52	104	30	77	74	62	183	0	187	48	21	76	88	90	189	76	56	49	
33	98	116	54	156	52	44	50	149	59	35	49	141	76	75	163	157	49	58	108	32	100	190	196	37	54	172	83	49	61	26	76	78	177	65	194	95	47	85	98	164	0	200	75	180	53	75	121	183	49	134	
139	54	164	70	122	90	183	186	88	99	147	119	36	62	110	77	159	133	99	67	29	133	68	32	86	110	123	50	195	192	187	200	95	175	168	41	177	37	104	20	70	178	0	23	108	48	151	184	178	120	99	
147	67	106	176	193	50	187	27	87	166	124	66	148	87	185	175	155	109	139	81	177	136	55	176	133	140	156	170	51	144	27	56	39	146	32	64	191	149	32	60	66	33	88	0	172	197	106	92	169	126	153	
178	170	54	159	175	200	169	53	43	170	156	32	178	160	173	21	193	178	132	198	48	192	178	182	96	116	134	164	76	68	42	64	69	181	146	83	24	194	133	188	106	98	144	171	0	102	167	194	189	157	44	
195	111	181	49	188	161	55	73	172	45	188	106	123	20	83	172	69	182	142	101	24	52	102	64	127	188	141	156	36	45	134	58	53	153	137	175	120	102	56	166	62	72	71	127	112	0	79	113	142	38	73	
107	82	95	88	182	108	187	65	193	28	115	36	126	177	101	200	32	95	176	177	171	77	59	25	68	24	23	179	110	187	131	169	111	50	87	64	162	191	102	159	114	145	108	57	21	103	0	199	126	176	48	
172	81	110	147	133	86	25	23	36	188	29	173	145	99	44	152	121	35	115	55	31	178	180	188	139	62	106	60	99	67	185	44	95	26	192	174	131	197	139	124	73	173	172	163	34	79	77	0	37	198	82	
91	29	145	200	136	69	194	178	165	164	79	171	127	56	165	138	188	54	155	198	23	116	140	181	136	177	34	145	200	152	106	102	73	71	134	96	108	152	128	143	79	200	194	47	82	75	37	87	0	20	123	
93	181	187	188	180	54	156	173	111	161	168	193	87	181	154	127	22	96	101	74	78	51	107	167	103	58	111	30	42	28	142	80	92	169	114	141	141	22	141	73	172	57	38	132	112	111	34	164	117	0	131	
102	152	198	65	120	155	30	127	93	114	118	137	159	137	172	23	190	81	101	71	22	199	151	101	20	25	100	32	198	77	113	116	29	107	74	163	160	68	143	46	140	73	53	197	21	40	72	117	51	82	0	
