0	135	27	39	60	181	33	145	101	185	86	96	197	155	91	46	140	20	114	156	157	198	38	97	61	53	98	168	98	189	159	54	52	38	130	24	144	45	56	103	128	65	108	48	162	126	97	103	79	64	178	
134	0	152	148	50	146	69	159	146	181	171	50	188	41	150	119	86	153	86	162	76	38	44	144	92	125	156	68	49	126	78	48	56	200	97	106	159	136	198	102	44	21	102	104	46	50	22	119	58	188	87	
113	25	0	140	29	141	36	172	188	168	86	60	54	134	62	190	155	147	49	37	165	140	82	70	189	88	37	122	185	195	106	150	72	139	75	26	120	113	102	50	130	65	43	92	34	150	104	69	50	84	172	
66	80	28	0	188	56	110	167	117	103	44	156	41	74	187	25	169	30	119	56	21	119	115	89	181	149	167	110	93	71	118	173	41	20	192	97	77	113	74	26	95	69	96	186	38	170	56	188	155	23	83	
101	178	150	93	0	193	146	171	47	62	48	163	51	54	198	97	136	21	182	67	30	176	68	82	188	166	42	130	88	102	138	72	135	28	25	88	143	20	154	60	77	153	60	96	41	101	48	140	39	165	84	
44	187	52	177	160	0	184	132	109	100	103	27	152	68	147	93	164	130	114	96	38	49	164	24	114	36	159	86	95	189	35	81	78	31	133	134	40	123	126	47	77	79	185	60	66	122	183	93	120	136	28	
175	160	195	87	52	149	0	169	136	74	55	174	197	129	53	31	171	131	49	199	82	166	189	78	126	150	68	101	88	101	155	164	177	161	190	108	87	109	152	158	104	90	92	198	141	64	63	73	160	114	172	
49	42	176	126	147	184	144	0	118	107	25	163	39	142	167	173	106	175	64	174	125	99	105	191	106	135	133	23	26	98	44	52	68	195	31	197	77	90	75	70	167	109	154	37	45	138	191	112	151	108	77	
87	94	71	195	49	160	192	65	0	103	196	61	46	131	158	49	98	190	51	118	187	96	51	153	170	70	177	123	163	175	110	75	171	69	160	99	50	195	37	50	106	178	53	84	22	24	195	149	160	145	130	
114	119	178	170	82	163	122	167	148	0	175	153	86	62	61	24	55	157	60	66	115	57	127	109	135	109	109	195	65	101	75	123	53	198	163	110	27	196	66	167	61	200	89	33	51	196	143	151	197	32	122	
66	116	103	88	189	108	143	165	184	83	0	186	128	171	101	78	116	166	73	159	57	36	123	102	80	112	158	192	177	152	62	150	100	58	69	176	90	185	146	179	151	177	66	110	102	96	46	73	129	158	167	
115	101	105	69	191	140	61	31	126	24	118	0	53	83	159	74	53	52	130	50	182	168	199	105	87	161	38	189	133	185	155	164	60	41	82	48	145	38	164	33	73	163	57	192	151	185	46	164	167	124	68	
140	108	37	186	42	177	51	121	188	113	134	159	0	42	111	56	158	155	85	121	91	183	111	145	168	91	56	189	56	106	181	95	189	26	22	108	68	114	88	160	80	92	137	147	22	67	59	41	76	172	107	
91	82	50	83	135	98	131	105	31	48	74	141	76	0	177	73	156	122	86	84	169	110	72	121	60	174	24	170	191	35	165	173	136	176	26	165	37	100	159	118	54	170	133	76	108	103	130	158	128	111	114	
76	134	97	172	169	64	50	110	126	199	135	194	28	166	0	83	170	72	180	178	23	95	87	141	144	167	129	46	171	70	48	56	128	69	29	100	80	39	54	67	105	154	84	73	98	190	122	125	168	27	68	
91	84	50	53	58	54	161	74	128	98	135	41	124	188	167	0	174	37	150	69	187	137	157	100	184	110	193	163	128	36	173	198	191	49	151	32	198	161	79	114	48	23	177	71	173	54	95	189	53	148	100	
194	180	94	133	134	176	162	174	106	99	184	153	96	165	68	178	0	129	137	54	100	125	147	182	158	68	67	31	188	24	153	158	133	119	108	40	158	25	108	60	157	114	96	122	165	44	52	61	136	130	31	
159	37	191	51	119	155	100	191	159	187	33	41	112	101	95	168	182	0	98	102	27	38	125	101	191	69	128	150	85	152	105	138	197	131	88	94	137	192	120	182	109	160	73	56	110	168	169	106	121	191	189	
86	197	171	148	82	194	91	186	58	89	136	58	140	27	43	104	70	81	0	161	86	139	43	23	119	80	114	80	74	185	42	38	72	133	96	53	112	141	144	47	30	190	22	58	47	172	31	166	101	66	53	
150	93	137	122	156	45	56	92	167	58	55	43	155	49	125	174	136	24	82	0	129	128	71	129	26	129	71	154	131	64	90	133	146	20	158	176	40	133	39	123	87	157	36	82	25	20	35	77	30	47	190	
31	146	168	134	137	160	133	172	150	163	93	133	140	21	64	119	171	27	26	193	0	150	70	70	80	97	33	34	175	57	82	21	170	176	188	93	176	174	170	150	39	112	67	51	82	74	59	107	48	75	56	
143	162	46	110	57	38	80	100	192	65	149	22	31	129	190	199	46	155	55	45	57	0	92	46	125	37	91	26	195	106	187	58	176	101	138	125	33	106	102	159	147	67	193	95	21	44	60	156	68	24	118	
193	55	162	91	32	154	98	84	39	70	72	192	172	172	102	58	53	37	153	167	114	102	0	102	158	77	188	147	145	72	34	90	159	29	130	67	136	117	190	94	169	183	131	30	56	73	173	93	125	26	86	
57	119	194	68	51	198	84	57	172	67	145	55	99	51	137	170	121	83	64	140	159	23	132	0	61	32	168	55	39	50	105	175	68	167	193	168	175	189	52	59	119	89	182	27	114	189	24	26	59	192	93	
55	195	113	121	55	152	31	161	130	60	135	122	22	186	120	84	52	112	21	31	88	142	86	23	0	100	41	49	123	144	63	120	142	176	22	193	120	103	186	163	143	67	70	163	45	146	120	39	117	153	151	
120	145	88	62	147	99	85	97	44	171	137	31	35	117	119	182	197	180	119	176	169	177	198	54	28	0	189	99	52	148	91	76	53	29	189	87	27	42	130	47	156	30	124	40	67	169	135	26	140	123	167	
125	60	125	158	89	81	169	75	169	101	68	174	131	181	190	43	185	112	81	36	187	22	27	121	75	176	0	181	193	102	133	124	154	122	171	143	106	170	94	95	121	106	171	151	22	64	129	110	26	20	85	
108	62	127	147	33	31	120	129	151	32	99	185	156	79	121	121	103	133	132	113	29	131	70	196	145	120	191	0	111	24	21	86	125	167	58	58	44	58	131	139	101	167	142	106	66	26	157	37	77	163	104	
99	121	63	176	173	82	75	93	43	45	56	105	22	135	126	53	112	190	31	200	109	85	148	94	126	26	25	80	0	174	101	45	54	27	170	84	74	68	46	80	135	132	122	160	120	21	182	74	164	159	163	
106	111	175	77	68	171	50	128	172	69	117	74	178	123	60	177	106	182	34	101	124	137	143	163	100	36	112	86	34	0	181	172	89	117	98	121	123	41	156	45	162	29	163	38	25	168	159	20	126	107	58	
105	123	102	114	65	101	22	154	35	134	90	107	112	143	154	174	167	49	98	150	81	154	23	91	38	146	27	101	29	134	0	85	75	166	152	180	153	102	146	159	109	61	30	188	193	25	92	106	124	165	149	
187	173	46	192	92	101	93	127	189	39	96	194	170	171	75	189	95	26	92	97	51	76	46	66	175	125	197	152	154	100	116	0	93	30	166	84	120	185	200	35	167	113	144	105	156	46	97	28	41	124	129	
43	138	148	35	168	160	54	53	74	82	35	165	194	70	123	47	82	177	86	170	127	37	196	92	33	106	59	81	56	118	107	105	0	185	59	36	168	70	31	108	44	136	130	172	65	81	150	56	165	95	60	
192	162	51	183	107	172	28	70	185	71	108	98	156	49	158	143	128	34	46	139	164	127	188	37	124	142	162	67	145	177	104	195	152	0	76	115	152	63	80	177	123	142	128	184	176	122	132	50	113	162	138	
95	142	166	187	51	72	166	102	53	123	25	137	170	164	101	73	150	149	165	108	129	186	82	129	155	186	35	81	41	113	81	117	116	105	0	78	106	118	126	195	20	68	150	190	190	104	72	116	39	84	97	
133	39	41	40	63	62	157	29	25	163	85	110	65	33	132	131	181	112	149	118	130	107	191	152	132	123	72	147	88	190	20	199	174	60	113	0	124	110	182	143	159	125	35	184	52	55	96	35	37	162	97	
91	79	175	173	192	74	155	45	173	24	176	82	169	89	93	107	170	189	145	134	191	106	104	175	164	90	56	63	83	162	46	65	54	110	48	29	0	140	172	148	39	51	70	47	30	116	24	68	149	199	182	
130	101	138	139	85	98	37	105	119	129	189	41	96	81	134	191	54	125	60	155	39	26	189	28	139	31	115	130	25	163	200	86	90	197	167	65	106	0	66	49	195	183	62	153	30	32	84	119	49	42	52	
177	184	108	45	167	75	92	183	78	52	151	150	86	162	171	84	167	71	101	113	50	116	151	181	120	75	102	107	127	147	30	179	122	105	84	33	44	99	0	101	65	58	103	177	198	174	159	22	75	46	160	
101	31	168	40	186	40	182	155	31	183	35	192	151	61	169	176	90	189	158	120	158	149	51	97	157	45	85	190	35	123	89	178	119	125	95	85	152	36	22	0	51	182	110	34	30	105	164	173	29	192	125	
62	25	51	182	29	46	26	138	51	30	87	110	95	66	82	199	31	79	182	186	52	56	54	176	145	61	104	188	172	32	173	47	42	74	141	151	191	176	109	23	0	87	88	155	188	188	156	169	33	60	83	
29	200	67	112	76	103	137	49	47	157	133	160	70	168	144	186	188	20	186	73	45	33	121	64	49	81	41	65	106	97	97	67	85	152	104	70	194	47	46	168	193	0	97	114	178	41	179	157	173	37	58	
175	66	105	129	159	196	114	52	140	171	143	129	80	165	99	103	97	181	130	179	179	92	71	132	92	52	91	199	177	21	162	129	144	102	33	58	147	193	157	117	199	52	0	74	108	192	69	107	141	101	183	
45	137	92	123	144	72	34	44	23	147	135	34	89	110	155	125	90	86	46	20	50	20	147	53	121	22	49	107	144	91	35	61	168	155	140	191	82	143	183	122	168	70	91	0	119	118	172	108	136	165	162	
144	196	20	159	83	177	51	23	104	186	178	191	183	130	104	59	176	173	161	121	128	151	153	143	34	199	198	24	85	117	186	22	134	136	74	30	86	115	146	96	24	47	94	168	0	116	75	178	123	108	67	
169	152	89	117	82	181	87	136	113	191	21	177	45	69	63	159	195	145	80	36	48	134	179	114	84	183	196	29	110	158	140	36	168	160	77	41	126	95	31	54	71	80	138	32	103	0	120	46	114	47	23	
99	164	185	57	106	31	171	181	37	70	90	93	148	136	34	31	182	118	160	35	145	165	79	73	160	141	115	194	29	24	158	199	57	32	162	156	99	141	153	22	105	118	87	63	193	82	0	128	20	186	176	
169	32	103	103	80	45	25	188	191	76	146	67	89	125	105	140	94	35	120	116	121	188	89	64	103	175	172	155	26	115	122	89	155	52	77	105	141	100	94	135	169	194	25	50	73	91	132	0	28	175	136	
28	162	130	191	43	125	121	144	54	158	183	176	162	48	92	90	88	71	140	84	140	55	127	191	140	198	173	115	29	30	115	43	33	103	86	101	123	155	93	51	169	45	26	116	178	158	105	131	0	118	118	
41	48	191	192	32	66	125	183	27	150	186	160	58	97	111	133	44	124	182	92	146	70	87	54	75	125	80	81	155	157	91	86	33	37	157	162	151	111	32	177	86	149	37	146	116	160	184	171	194	0	54	
146	79	126	56	79	164	125	40	193	168	121	197	75	185	176	96	36	186	71	148	184	155	177	182	93	35	111	44	169	166	162	25	61	104	77	79	90	135	190	200	60	104	123	59	174	51	87	152	172	22	0	
