0	29	47	189	34	126	124	151	137	71	139	62	41	87	34	190	110	125	122	25	114	152	171	86	136	23	48	111	88	65	115	117	157	143	74	125	174	24	97	199	71	149	175	68	122	126	148	29	135	137	135	
122	0	55	134	102	69	169	168	105	138	123	118	64	88	124	149	73	91	125	136	64	180	148	106	64	90	133	120	191	155	90	26	65	41	106	68	53	133	87	110	126	171	150	131	23	151	114	166	81	88	55	
84	110	0	76	35	161	165	190	40	38	119	61	125	30	56	116	144	139	100	41	71	126	82	145	116	137	124	54	129	128	22	123	56	94	108	141	185	72	56	125	102	118	98	76	126	134	124	54	81	140	181	
125	71	197	0	155	105	23	47	158	96	161	112	51	132	197	194	67	152	181	112	163	105	37	179	143	180	59	53	164	144	125	148	114	199	165	100	31	74	192	57	146	145	200	163	44	126	85	187	170	152	198	
93	172	129	34	0	52	162	121	175	180	185	172	177	151	195	147	53	85	48	151	131	24	45	145	100	177	31	30	95	34	131	156	160	69	199	111	189	62	51	128	180	29	47	170	182	94	38	186	45	151	43	
104	169	149	42	118	0	37	179	143	100	111	92	41	77	27	180	200	34	167	106	193	34	78	173	143	148	162	140	169	99	106	97	44	94	44	80	173	46	106	111	43	128	129	137	185	64	127	173	145	163	166	
47	192	81	146	60	141	0	32	109	81	46	136	26	147	112	187	84	45	164	145	144	23	51	128	173	64	163	162	86	61	64	23	133	143	186	134	66	39	125	200	115	52	114	153	189	186	39	80	71	48	47	
106	144	128	129	176	80	79	0	65	193	159	101	130	151	94	85	38	29	75	172	147	77	173	31	94	56	200	124	185	145	148	187	89	189	166	186	183	102	52	41	50	50	61	91	64	80	180	66	191	149	179	
175	189	200	30	103	37	124	107	0	117	178	170	134	121	52	193	115	187	47	143	170	113	156	32	34	161	44	178	152	83	46	50	140	136	170	179	171	47	156	95	31	118	28	124	164	23	118	97	110	187	57	
186	133	189	153	140	132	167	196	86	0	50	192	177	32	40	182	183	134	132	58	163	114	200	196	181	77	91	136	57	22	171	179	40	140	126	94	170	144	100	27	139	109	175	88	74	41	176	21	46	190	116	
59	92	100	132	168	186	152	33	189	62	0	61	131	21	156	185	104	188	95	54	29	104	24	99	23	169	87	59	88	144	168	198	119	148	89	59	30	193	117	167	54	125	189	150	139	116	164	146	36	25	109	
95	142	194	167	34	157	119	164	182	174	195	0	115	40	194	190	61	77	48	136	44	49	74	155	195	170	125	167	170	188	177	137	177	185	84	176	183	84	153	66	72	200	86	85	102	169	24	168	98	189	153	
69	99	103	178	132	158	86	22	133	162	109	137	0	59	130	179	74	174	161	183	24	163	43	123	68	70	190	193	184	43	31	100	27	84	43	71	79	47	39	143	54	148	131	119	148	22	154	162	99	39	71	
194	53	21	175	34	171	158	69	46	176	22	126	43	0	95	163	145	32	66	46	34	191	139	133	53	42	45	150	55	61	74	133	120	112	145	190	83	167	52	91	147	115	142	146	189	52	77	88	110	98	183	
107	45	151	87	161	103	192	79	79	199	29	32	184	74	0	139	113	60	23	116	88	108	157	145	77	98	172	186	111	115	55	135	188	145	118	153	183	156	184	118	167	52	146	145	188	165	63	72	21	151	84	
100	182	117	159	181	180	155	89	76	109	73	67	93	93	152	0	193	188	200	179	51	110	78	81	42	166	141	135	172	192	22	107	143	77	58	183	139	109	167	182	170	141	70	132	182	182	26	199	84	161	83	
23	198	42	32	52	68	40	107	127	76	198	59	171	47	191	152	0	153	200	143	65	124	147	137	73	171	42	199	141	130	46	168	133	140	76	58	78	62	111	114	36	79	166	191	168	172	24	169	191	53	71	
92	160	187	40	108	133	94	38	169	26	197	120	102	150	62	166	51	0	59	70	28	104	30	178	186	60	80	188	48	25	164	168	104	125	81	148	71	109	105	193	162	112	154	120	67	20	76	133	100	80	162	
145	133	120	91	153	93	187	158	168	159	98	88	81	160	127	92	166	100	0	159	173	103	152	55	112	175	71	199	129	31	100	111	73	27	101	91	87	69	48	29	188	140	103	40	160	107	151	186	91	188	171	
57	122	169	59	76	142	160	40	148	87	40	99	173	158	187	91	149	134	81	0	98	174	39	106	103	22	69	64	95	46	92	126	32	151	96	123	130	37	187	36	36	200	64	27	180	186	167	32	101	153	111	
47	80	106	183	156	42	180	147	73	35	45	34	77	144	153	145	179	189	84	73	0	68	28	75	54	84	154	23	144	141	94	159	132	93	119	182	83	97	152	103	44	143	178	116	171	44	199	185	166	168	157	
105	96	104	53	199	81	131	86	158	122	22	172	34	150	140	72	199	71	196	100	174	0	155	156	182	89	70	69	36	46	81	174	69	146	21	175	58	174	194	113	143	185	45	68	65	198	155	198	122	198	198	
176	131	65	200	86	111	51	177	46	67	162	56	128	139	136	128	41	151	191	163	52	129	0	103	91	135	119	64	57	163	134	34	20	55	65	169	20	74	172	197	179	121	105	44	41	166	143	30	119	62	175	
132	111	150	148	190	140	139	154	137	150	198	151	80	76	129	165	189	56	194	134	191	119	55	0	65	53	79	136	119	172	71	118	44	168	114	34	41	26	194	171	179	179	181	83	28	165	139	96	50	109	65	
81	57	200	116	78	150	125	122	47	20	77	161	197	132	132	25	32	148	89	113	99	65	131	86	0	48	196	191	55	38	190	146	51	46	168	157	126	157	190	182	63	29	145	155	79	138	78	30	62	143	108	
139	122	137	169	187	56	28	123	69	78	171	187	187	158	74	49	162	104	40	107	34	188	146	156	35	0	108	127	162	44	185	141	71	185	101	177	194	170	95	49	68	55	173	111	182	181	60	129	50	23	47	
63	58	57	33	82	142	22	87	164	22	47	52	86	136	46	180	78	82	55	175	110	178	60	75	165	130	0	39	32	138	28	106	63	192	96	102	189	140	91	54	42	113	124	64	111	148	21	45	115	186	51	
173	69	124	166	75	132	139	30	116	72	34	124	60	136	21	38	86	169	104	140	163	137	162	22	52	197	127	0	44	116	161	77	132	182	137	67	118	114	190	184	195	110	152	189	137	120	116	78	116	74	122	
150	134	66	132	55	100	91	178	96	153	46	175	73	116	90	165	190	87	186	161	49	125	180	157	95	27	103	106	0	99	39	55	51	167	148	73	152	188	106	75	87	185	97	123	33	82	86	45	58	177	84	
148	87	20	139	116	47	162	108	81	187	62	89	114	175	25	142	54	50	33	80	175	132	51	177	199	93	107	89	174	0	39	164	123	130	72	88	151	189	63	122	188	189	174	186	100	120	58	76	22	70	84	
35	59	79	20	21	53	69	76	92	38	108	167	175	123	115	78	62	125	47	78	197	36	121	146	61	96	172	142	67	117	0	154	196	137	196	81	136	104	135	69	159	157	199	175	78	144	43	95	126	105	34	
196	76	134	66	115	120	183	84	188	67	90	60	130	51	138	194	58	57	146	116	101	125	166	96	110	46	165	56	101	182	29	0	40	84	133	102	72	176	125	95	65	85	109	132	77	26	34	111	51	103	185	
195	91	137	192	62	174	159	89	60	50	89	87	101	178	36	83	182	195	72	149	189	89	185	136	28	146	163	116	135	136	133	165	0	22	85	60	68	61	72	60	33	83	74	58	80	69	92	151	132	84	106	
86	121	116	183	32	50	184	103	33	37	76	31	75	70	122	179	83	48	178	195	60	163	36	109	33	89	54	68	151	71	176	62	22	0	130	141	134	158	101	177	164	106	69	138	143	103	174	55	126	126	167	
147	77	159	103	62	63	84	166	35	138	189	164	27	184	48	137	187	44	88	152	112	31	74	25	184	96	192	58	86	112	154	119	120	44	0	140	101	36	176	42	52	103	126	56	88	68	150	151	100	189	31	
190	82	33	49	25	111	199	69	84	101	154	100	184	122	143	28	168	185	80	200	153	59	37	99	78	90	45	196	172	140	134	147	140	50	104	0	43	41	26	70	187	20	133	157	139	171	30	32	57	181	89	
50	73	157	186	193	142	61	22	43	176	66	37	149	164	133	80	114	200	23	88	131	137	66	112	98	159	105	108	29	60	47	125	143	97	34	189	0	84	184	88	44	122	108	34	24	87	134	163	55	107	180	
96	58	132	98	39	135	96	191	168	47	48	90	122	118	103	75	78	48	82	39	104	107	160	49	152	192	61	83	63	118	158	84	162	179	58	88	186	0	119	83	70	21	198	53	35	53	188	110	120	107	132	
91	45	76	31	120	191	41	112	129	114	135	29	193	24	41	87	88	73	112	82	85	109	130	130	122	114	155	131	73	64	167	128	69	112	29	157	174	101	0	43	137	189	193	20	20	33	93	193	128	59	135	
101	100	189	172	61	138	190	136	113	116	64	174	197	198	63	88	121	70	147	173	76	30	117	164	136	65	26	23	141	171	62	127	124	131	193	65	82	75	27	0	84	98	156	65	114	97	184	95	169	40	69	
93	54	168	176	122	168	101	98	102	152	195	114	173	111	172	65	21	159	85	38	152	193	99	170	131	111	29	125	105	82	77	154	197	189	137	118	55	23	79	94	0	130	88	136	56	54	103	77	178	194	59	
194	20	92	172	37	90	50	187	31	103	111	130	74	146	174	154	30	40	48	96	194	23	148	128	131	166	44	59	112	192	161	38	141	145	114	98	103	191	131	150	48	0	123	61	109	38	29	161	112	74	120	
93	48	166	199	89	192	54	43	123	78	185	177	123	161	145	42	114	90	53	22	55	182	179	48	83	74	83	156	30	138	120	110	38	160	75	56	99	64	123	122	191	107	0	165	66	186	180	199	82	177	32	
178	97	119	199	71	115	66	75	61	58	189	143	46	51	174	173	87	37	176	52	134	42	29	59	70	104	96	195	130	116	95	52	146	191	169	164	166	52	180	109	124	190	81	0	189	199	117	47	152	46	99	
35	48	188	137	25	153	121	89	119	99	67	76	197	160	66	32	33	87	100	54	188	124	90	99	159	142	74	158	40	147	195	65	99	94	194	79	146	31	118	96	137	150	47	76	0	60	96	142	44	180	58	
36	162	54	64	97	86	113	82	118	181	101	63	129	23	195	83	148	96	27	98	130	169	75	139	31	193	147	137	20	139	63	161	63	68	72	143	51	187	37	39	135	157	143	128	156	0	51	87	49	88	69	
22	186	135	50	179	56	141	120	66	137	158	184	135	57	168	35	115	78	200	111	188	138	96	53	128	136	158	165	75	138	97	117	122	79	81	46	83	72	44	119	124	61	178	159	109	68	0	89	60	32	177	
124	130	72	64	82	94	200	185	133	126	173	90	169	145	189	74	161	126	79	29	189	44	30	199	150	162	154	132	102	167	84	114	124	197	107	195	95	159	136	191	58	27	67	200	126	155	49	0	155	55	155	
95	55	187	24	179	164	114	119	151	71	58	24	152	116	121	200	71	78	97	131	107	174	157	193	20	165	113	71	181	99	25	167	156	144	144	112	88	102	192	64	78	84	85	44	91	186	51	83	0	137	195	
91	112	43	42	126	44	193	142	64	137	90	182	61	142	169	138	37	160	133	140	20	111	76	199	66	193	110	111	122	183	132	164	67	139	123	149	41	76	192	42	105	109	170	120	166	198	117	123	48	0	103	
67	59	31	109	21	136	80	92	132	50	29	178	117	56	176	123	45	85	34	94	111	137	113	108	171	39	134	88	115	137	34	100	131	100	78	66	43	114	151	90	87	80	29	63	105	134	40	22	152	49	0	
