0	78	186	177	48	198	181	197	157	188	178	111	155	144	178	114	122	87	97	148	77	145	114	80	86	79	50	177	39	58	197	25	173	195	133	145	163	77	142	122	199	144	168	125	46	132	84	187	74	31	63	
93	0	79	200	181	61	103	148	132	154	24	193	75	107	171	147	167	21	188	135	101	97	89	139	113	197	88	119	61	66	191	152	154	135	26	103	101	38	20	38	81	91	22	50	114	121	56	144	171	32	173	
188	146	0	156	105	47	102	47	32	176	120	125	85	108	45	73	102	126	174	50	192	146	168	32	46	180	40	157	126	86	86	78	43	60	84	108	32	47	187	167	188	69	194	160	67	115	113	174	87	194	138	
75	50	55	0	55	48	162	118	178	166	178	40	41	61	46	153	61	48	20	24	65	163	164	25	148	97	119	179	142	66	182	125	174	196	57	131	132	56	163	81	31	146	131	45	154	71	152	86	151	194	40	
106	76	44	176	0	99	185	196	173	103	53	43	80	90	160	99	105	94	177	37	172	175	168	182	149	134	30	78	46	79	173	35	103	161	68	102	61	124	45	32	75	81	145	48	58	37	44	52	124	161	65	
124	44	191	166	184	0	78	48	99	29	71	35	89	64	173	58	126	119	138	78	45	61	136	64	112	157	137	63	95	133	187	68	147	192	64	165	45	198	27	76	121	173	44	121	92	118	111	164	69	61	122	
122	184	149	100	84	90	0	24	186	104	99	33	128	129	51	32	70	89	113	51	79	132	73	161	104	116	189	117	45	63	89	98	80	150	194	140	147	80	131	172	70	41	59	183	103	161	68	121	65	200	136	
119	52	144	185	187	163	82	0	200	117	40	46	161	127	165	103	176	106	135	124	77	82	30	21	29	21	111	90	37	72	157	52	180	155	26	127	117	179	126	166	158	56	192	110	41	59	25	147	21	99	151	
156	24	119	196	111	177	110	108	0	60	95	40	170	166	52	144	196	117	165	125	147	94	31	79	37	84	37	154	76	179	138	134	200	126	104	75	149	167	168	139	157	36	22	172	39	105	53	131	43	156	167	
75	43	151	34	194	175	167	196	137	0	103	93	60	25	127	174	141	96	160	118	44	41	93	188	75	104	57	37	146	84	83	139	81	22	181	37	83	148	141	59	78	166	78	96	163	186	121	144	63	40	117	
114	54	79	126	42	63	134	88	164	73	0	165	45	60	59	171	72	125	193	69	123	133	199	36	113	166	186	111	182	35	192	136	126	169	180	60	47	35	95	90	89	23	65	147	167	140	37	182	82	42	20	
77	190	117	93	56	109	93	137	166	174	145	0	116	65	72	40	61	57	110	39	100	44	137	179	148	135	190	75	77	82	110	196	82	114	108	168	27	163	157	113	164	165	106	167	156	78	138	48	49	75	147	
103	127	177	139	166	30	75	200	157	46	137	122	0	90	118	181	105	191	51	171	96	139	111	163	93	146	150	160	85	141	142	140	173	145	140	140	126	93	130	24	75	72	54	40	191	119	40	83	57	102	181	
53	191	118	197	27	189	31	104	160	45	82	47	54	0	137	64	37	91	56	119	111	107	55	111	35	147	34	153	191	120	162	139	82	102	51	78	124	139	72	176	152	126	77	52	191	117	79	73	85	144	196	
162	174	156	98	60	101	33	45	161	35	191	32	129	63	0	44	127	36	26	155	54	78	27	166	136	20	67	71	144	166	126	57	115	190	52	119	181	135	31	170	199	153	136	39	185	69	126	183	171	130	29	
160	137	55	26	150	93	75	55	90	114	185	98	32	59	198	0	26	155	105	146	73	40	92	164	30	73	143	34	149	67	106	79	25	56	200	76	21	200	149	72	44	180	51	104	57	132	32	43	188	43	70	
164	168	84	107	107	119	73	189	116	114	88	24	128	41	87	59	0	79	150	129	40	50	77	168	99	182	65	88	183	64	109	89	29	133	114	83	94	37	173	105	102	64	192	54	54	52	114	139	104	160	110	
194	92	151	145	102	136	71	123	70	147	99	177	92	167	84	149	111	0	88	84	44	37	105	42	160	155	96	200	200	169	180	75	109	88	146	42	20	150	25	150	145	47	76	186	87	153	169	24	120	94	159	
88	74	188	45	167	123	172	136	38	136	142	133	65	72	142	161	193	44	0	181	83	174	169	100	67	49	93	92	151	52	155	134	138	167	92	22	69	100	200	169	75	192	193	189	53	85	148	46	144	120	153	
122	153	160	52	55	194	59	132	177	198	164	107	151	104	76	83	160	81	123	0	68	151	133	176	36	86	185	175	172	145	109	117	23	169	164	31	139	69	33	86	75	76	120	94	131	119	197	51	191	79	145	
92	184	131	39	165	89	54	174	147	95	67	100	135	179	147	20	46	145	172	46	0	199	29	44	166	114	38	162	106	74	25	29	29	60	161	56	77	79	49	144	155	37	76	107	65	151	64	180	67	180	86	
38	112	140	142	150	146	63	149	158	64	88	20	93	66	50	76	139	182	178	157	36	0	85	71	92	132	144	46	139	134	168	92	167	66	98	117	84	100	53	57	189	101	64	72	112	22	58	44	198	158	169	
61	166	151	25	124	126	145	93	64	41	199	79	49	170	154	109	195	27	186	186	148	54	0	162	36	165	99	196	52	20	43	64	192	69	156	90	98	129	50	188	22	55	56	66	65	83	156	147	61	85	43	
115	45	40	66	56	62	114	41	97	57	40	178	83	151	195	137	198	142	176	80	95	99	31	0	86	135	97	90	126	151	26	76	82	50	180	106	194	93	100	24	166	90	183	196	100	154	67	134	54	91	123	
105	26	21	100	33	125	59	196	174	90	168	74	192	187	65	87	108	43	100	105	80	92	168	94	0	59	132	125	124	89	200	135	52	58	21	109	115	57	50	47	85	107	176	133	162	128	200	199	148	127	157	
195	27	126	91	189	133	165	115	177	37	188	44	62	132	163	41	25	191	196	176	42	163	125	71	186	0	73	126	67	179	161	91	102	163	27	191	41	163	149	111	127	32	102	115	185	173	39	87	183	161	32	
111	55	22	169	123	125	76	117	94	181	103	104	75	45	140	196	166	56	38	168	129	174	191	108	63	182	0	48	66	83	89	173	192	166	35	177	54	168	153	65	71	35	143	83	22	102	196	79	139	59	73	
72	32	173	92	144	110	101	59	23	135	85	48	98	53	89	137	36	193	159	93	62	159	159	102	105	154	168	0	118	164	57	120	25	172	162	142	49	61	164	119	32	166	120	125	142	64	187	197	80	181	172	
60	163	74	74	131	154	124	194	136	76	184	53	101	65	175	20	142	183	177	98	199	114	36	40	62	169	54	71	0	140	66	195	175	196	159	152	53	186	139	21	45	34	73	35	39	200	106	180	51	72	102	
45	63	110	117	109	110	88	153	63	176	46	160	105	48	130	70	29	172	103	36	146	80	34	21	94	43	48	134	197	0	49	162	66	177	36	121	68	169	118	182	175	138	127	76	83	55	44	133	186	67	60	
42	32	101	173	121	139	184	200	99	199	23	109	104	30	123	93	54	121	107	112	171	67	82	169	27	136	21	165	155	175	0	71	98	163	103	92	49	164	122	31	63	173	98	74	170	42	193	27	191	182	158	
33	48	175	54	124	139	64	175	122	93	113	187	152	133	98	176	172	41	30	176	134	138	29	180	80	145	156	133	52	166	193	0	155	71	21	32	184	175	109	57	79	69	65	43	24	173	45	107	153	50	79	
114	100	143	196	168	28	189	105	116	172	44	142	179	56	29	187	23	150	42	183	38	86	98	175	116	150	157	186	103	176	51	174	0	98	42	176	176	144	86	117	136	22	56	135	89	48	44	186	182	196	80	
46	142	168	85	154	71	156	48	189	40	173	192	121	42	105	41	197	34	185	67	157	67	125	46	126	136	70	145	139	36	102	87	53	0	48	24	43	192	158	106	45	190	199	53	125	141	39	98	145	153	192	
136	125	61	146	55	57	190	32	191	50	56	44	20	61	187	171	100	106	172	119	183	120	90	36	102	80	115	155	40	41	169	35	80	81	0	139	131	76	113	160	103	123	74	150	146	56	40	132	51	99	38	
90	25	168	192	50	128	147	61	30	131	102	176	54	75	101	138	51	57	43	115	141	72	28	163	27	65	193	85	116	139	167	133	62	34	189	0	101	190	196	183	82	137	174	194	24	120	176	89	20	174	147	
25	30	74	111	145	35	70	44	24	200	124	51	174	199	87	146	108	176	176	181	29	158	176	80	79	24	64	182	136	143	126	32	75	110	72	113	0	119	97	146	176	160	123	62	117	134	22	39	170	30	30	
119	78	125	146	103	36	83	117	59	45	70	110	43	22	37	83	74	105	171	39	179	139	59	54	153	87	128	66	59	111	140	126	75	196	189	186	141	0	196	35	144	78	173	122	164	96	61	134	192	95	162	
145	26	34	64	73	173	103	45	81	42	100	55	40	126	132	182	105	92	144	130	60	107	179	26	187	131	50	176	143	109	147	179	58	106	176	185	87	198	0	132	112	140	52	50	93	119	175	179	93	121	61	
97	115	158	111	103	186	43	56	136	66	66	67	37	62	134	44	21	166	29	77	45	185	181	159	80	120	82	73	81	55	189	159	121	132	183	174	184	129	145	0	147	163	187	124	43	110	132	176	90	132	107	
48	177	176	90	97	174	144	35	44	102	86	155	86	32	151	164	53	77	138	32	128	50	112	169	75	81	41	134	60	174	114	144	28	77	190	136	120	38	56	166	0	56	110	185	196	105	108	35	184	181	171	
63	82	54	152	67	161	195	106	31	104	96	45	181	95	38	114	111	91	106	63	158	116	22	65	62	37	176	140	29	188	148	51	39	196	88	39	174	71	147	149	63	0	185	167	186	46	59	117	89	123	191	
139	137	45	182	39	131	179	163	112	131	78	87	133	174	138	154	31	73	120	97	57	83	91	136	181	51	30	154	90	175	62	25	85	55	48	113	44	58	185	128	84	49	0	39	192	30	86	113	124	165	122	
87	50	188	114	114	147	23	153	49	113	168	77	29	173	97	83	48	78	63	57	89	116	54	130	141	117	69	125	36	166	157	140	137	168	125	60	96	76	98	36	88	24	131	0	32	151	102	89	112	146	51	
129	106	32	20	158	133	31	73	28	104	84	126	180	72	180	155	165	120	125	174	109	89	184	196	199	56	20	70	147	128	107	149	76	195	98	188	49	92	46	41	115	199	181	128	0	79	166	165	93	45	60	
68	45	47	149	81	178	126	133	177	21	91	186	123	109	99	82	180	51	92	33	174	77	95	83	50	25	45	60	139	116	68	73	178	194	151	140	29	167	158	96	188	132	160	63	169	0	78	86	168	60	42	
78	87	142	115	84	87	37	156	53	95	171	138	98	53	119	167	176	35	176	111	39	84	37	154	120	46	127	178	90	79	88	135	149	115	101	177	124	61	168	163	80	123	136	168	51	188	0	200	190	167	43	
179	128	58	152	108	61	42	134	140	122	117	179	88	48	138	97	83	93	166	85	154	23	181	191	92	124	74	141	136	124	182	114	137	60	151	97	131	194	41	190	107	137	142	53	130	38	45	0	25	47	162	
93	144	167	41	70	165	158	61	31	93	189	108	66	39	120	162	126	62	161	195	61	141	119	124	172	116	66	115	192	21	154	51	162	200	38	162	193	138	70	71	140	20	196	153	175	133	95	21	0	122	92	
154	152	63	39	49	132	166	188	28	200	164	141	176	98	25	146	119	52	132	147	60	61	190	100	86	142	149	155	96	63	30	103	134	157	81	167	81	148	193	102	60	152	136	40	47	116	169	149	23	0	133	
129	130	139	108	77	76	75	64	93	82	57	200	33	69	44	99	147	112	24	124	82	182	161	200	84	133	86	64	127	144	129	124	127	92	159	140	30	124	190	101	165	26	71	159	116	86	177	34	67	41	0	
