0	55	151	144	198	23	107	117	49	121	46	54	49	89	148	137	114	121	22	136	141	196	90	45	184	158	91	114	194	55	39	46	124	66	132	103	67	185	132	193	55	23	149	142	104	111	194	188	62	172	123	
151	0	60	49	155	44	176	191	25	172	165	178	24	200	24	139	38	82	138	130	38	149	159	25	28	188	170	101	27	46	46	35	29	166	150	180	173	107	45	46	149	187	140	99	112	190	110	105	120	164	103	
71	101	0	49	98	24	72	153	176	132	24	62	108	65	122	93	107	189	36	92	51	37	98	23	158	86	178	172	27	139	143	139	200	171	119	57	80	65	181	105	90	151	78	153	99	140	163	152	160	42	196	
40	145	26	0	63	33	113	27	28	95	82	116	26	83	107	40	52	165	144	154	56	176	93	123	77	170	135	120	130	23	173	140	161	108	77	178	20	131	127	145	79	91	99	100	168	79	67	80	175	146	106	
129	80	25	87	0	35	64	136	194	178	27	41	62	157	113	179	90	118	82	183	83	113	94	188	122	149	184	160	59	178	182	89	97	111	64	151	144	127	75	161	123	85	93	75	78	96	43	65	31	132	184	
76	93	39	132	73	0	82	168	50	126	99	54	152	88	57	94	40	174	94	86	34	49	45	174	152	89	49	128	190	115	135	61	164	197	115	39	99	162	49	174	195	120	52	26	109	141	180	131	187	66	71	
91	47	21	96	174	98	0	199	108	109	82	56	46	42	84	145	154	40	67	183	169	53	198	165	22	196	169	106	140	193	82	147	196	95	196	55	21	80	59	52	34	54	155	58	54	40	34	27	147	168	92	
159	101	95	62	115	71	30	0	193	60	170	83	162	55	117	58	25	160	81	168	62	69	67	103	162	25	25	138	182	162	79	104	82	168	136	120	88	189	161	166	24	161	192	114	164	97	55	40	55	160	22	
143	115	183	156	180	154	28	187	0	153	133	116	135	101	70	145	175	105	64	99	137	101	136	192	86	20	137	131	74	166	91	66	68	147	140	89	146	53	68	47	149	22	147	126	179	66	169	98	34	126	134	
42	128	85	151	54	177	94	53	104	0	130	88	102	129	164	184	143	65	196	170	76	133	137	50	47	43	188	129	30	183	146	161	80	101	79	164	122	130	146	184	188	104	156	119	68	32	153	129	57	41	158	
177	78	60	108	120	171	125	176	179	159	0	101	142	133	100	55	54	180	44	58	152	199	99	91	196	65	48	123	196	150	189	153	79	26	146	119	173	29	183	68	175	156	198	170	190	163	182	142	45	163	142	
85	189	105	182	34	48	90	114	158	136	82	0	62	82	39	34	107	142	154	59	118	72	73	40	144	93	26	153	63	55	185	66	113	116	41	152	197	99	24	179	146	74	184	120	36	62	198	89	75	195	108	
133	191	143	41	62	177	115	23	141	145	152	99	0	66	44	73	173	60	192	151	140	189	45	93	22	105	71	124	177	160	125	65	151	118	116	163	109	45	158	62	129	149	97	186	118	22	110	115	143	58	24	
27	66	124	154	140	111	125	159	111	107	139	193	39	0	164	157	100	189	132	75	86	50	125	84	41	61	178	53	130	191	137	166	189	42	33	102	115	34	166	73	87	101	97	80	21	117	79	152	65	68	182	
119	52	156	100	44	149	101	31	85	83	163	186	51	171	0	83	150	172	110	82	195	158	143	148	109	128	53	162	27	196	191	191	67	52	63	131	73	124	109	83	54	158	118	174	165	30	87	200	134	188	161	
95	146	190	62	73	57	128	22	108	178	139	51	112	168	95	0	85	63	22	89	82	143	97	62	67	141	191	116	26	160	164	89	21	77	132	180	186	197	135	184	113	197	73	111	142	114	150	26	138	186	133	
178	78	82	20	96	98	30	161	200	162	124	163	33	192	47	170	0	83	135	140	100	182	193	193	182	184	33	105	65	72	70	185	195	142	95	176	84	74	132	166	70	98	177	113	196	49	96	98	137	122	62	
186	59	73	155	77	64	74	162	181	61	29	103	179	127	138	129	34	0	126	172	43	142	174	181	193	49	24	84	86	131	134	78	137	172	197	33	136	65	188	163	77	162	131	64	153	114	185	39	45	40	41	
22	74	137	133	66	106	36	135	98	72	185	182	73	79	42	28	111	60	0	134	192	29	141	62	85	104	106	120	127	56	36	121	136	199	38	90	175	65	60	133	122	29	176	76	124	122	183	91	25	116	118	
131	68	94	43	77	121	186	134	170	57	139	43	193	74	134	188	200	141	142	0	55	177	170	155	169	182	138	107	39	157	55	82	43	108	137	67	58	59	164	123	156	165	45	147	124	105	38	52	149	198	20	
183	152	194	61	66	39	91	193	146	186	144	196	64	41	165	158	140	182	139	158	0	116	64	50	153	65	145	177	129	65	55	116	170	139	170	128	32	21	58	195	100	106	20	28	163	150	157	150	112	62	39	
113	44	157	178	167	143	78	55	148	177	29	116	187	133	199	158	166	50	189	174	67	0	147	72	83	100	43	166	33	130	129	68	97	148	142	185	116	194	143	159	35	163	131	172	38	83	31	115	189	190	37	
108	173	146	158	126	58	166	165	141	167	190	96	42	38	83	134	121	62	133	82	52	140	0	180	138	138	125	169	199	20	196	197	139	188	63	26	39	184	68	62	118	102	139	86	36	169	62	47	77	119	89	
66	79	35	169	139	125	69	68	106	135	196	37	21	140	177	141	47	187	45	22	23	164	89	0	139	37	164	195	74	24	23	142	73	143	156	93	128	183	148	100	134	21	32	171	145	21	181	23	29	40	140	
43	104	27	159	37	190	111	96	169	171	24	33	128	188	68	170	39	191	193	59	83	53	96	185	0	35	57	177	81	67	94	100	162	105	25	75	155	64	134	199	79	151	100	101	69	199	186	82	161	51	163	
101	133	79	109	27	76	164	57	139	153	186	26	146	166	125	149	161	135	83	35	35	107	143	22	64	0	102	189	166	180	197	161	75	60	101	171	116	147	42	91	157	42	66	68	176	64	122	20	111	109	164	
177	75	167	161	69	54	139	91	131	127	96	83	152	103	120	43	145	68	68	96	135	25	105	117	81	43	0	80	150	196	31	170	30	124	136	75	131	159	40	42	181	51	101	60	22	48	169	128	61	111	99	
84	49	181	42	89	184	193	57	83	126	63	129	45	29	41	158	141	157	109	89	89	52	186	155	149	56	99	0	125	37	172	98	140	78	50	129	56	72	181	20	163	97	37	42	38	120	160	181	168	32	91	
102	74	185	111	147	81	47	88	92	169	82	73	45	156	110	82	33	168	174	190	193	65	52	40	168	142	32	85	0	43	185	41	112	64	82	117	23	123	25	117	143	158	41	85	32	200	67	143	44	100	119	
162	98	142	69	162	188	199	68	175	51	61	159	105	97	43	179	80	181	148	82	167	114	168	67	90	196	126	82	173	0	61	193	166	169	184	99	152	74	32	117	118	180	35	87	151	145	145	100	48	160	142	
119	122	66	114	87	82	119	126	92	164	51	114	103	198	22	126	58	175	48	73	147	35	145	28	82	178	86	42	60	117	0	39	186	60	191	50	138	185	25	172	189	163	90	63	82	44	159	60	35	53	126	
200	179	86	162	114	181	137	119	101	49	31	192	21	30	53	68	165	134	37	38	77	95	65	98	116	184	114	161	184	93	120	0	57	151	44	130	111	129	89	173	21	181	105	67	136	105	108	44	120	114	121	
89	63	118	199	167	131	51	24	159	90	44	59	124	64	161	55	114	22	159	116	47	88	107	154	53	48	192	200	53	39	62	174	0	23	34	76	129	167	30	185	29	40	172	171	73	166	127	146	25	69	44	
65	45	68	173	196	169	180	117	155	78	64	157	30	83	53	109	125	177	175	134	82	46	139	131	82	78	142	183	184	150	100	49	163	0	132	107	43	102	24	20	169	136	29	144	90	64	157	105	42	146	21	
22	119	97	140	83	20	43	169	63	56	161	199	118	117	192	26	25	44	184	147	178	162	169	153	67	138	84	68	118	52	169	21	77	50	0	52	190	66	196	174	104	60	164	188	195	178	156	144	94	141	188	
45	42	182	179	198	67	66	26	144	101	34	106	144	34	104	33	143	54	24	73	129	111	76	92	155	61	121	114	55	76	117	191	172	116	53	0	109	153	101	178	32	190	99	198	152	104	77	165	90	80	157	
144	172	98	119	141	111	60	28	177	55	198	128	62	93	193	107	96	95	65	190	190	177	46	73	163	37	32	136	116	84	74	124	132	63	39	120	0	153	26	194	190	162	95	56	117	51	23	78	102	200	122	
48	79	157	180	167	144	89	189	117	196	51	46	70	176	167	147	44	32	61	59	112	99	167	29	56	33	52	190	107	138	86	194	139	106	74	183	94	0	157	183	184	157	141	77	193	102	35	85	42	24	149	
105	148	182	38	30	82	94	90	80	195	173	40	147	197	192	55	129	76	195	74	195	55	99	55	120	72	160	54	60	102	168	188	181	20	94	164	109	81	0	86	150	31	197	20	29	158	162	175	32	97	129	
30	46	38	39	73	32	152	122	93	27	61	70	172	198	164	28	141	62	126	114	31	94	107	134	85	95	20	38	148	128	49	47	187	166	91	167	111	24	90	0	186	103	47	75	144	149	56	100	41	188	149	
34	160	117	55	200	75	23	158	191	48	110	119	199	54	191	92	107	98	94	104	110	69	22	134	20	86	137	102	73	198	128	52	26	113	145	165	46	74	169	78	0	175	189	67	127	69	37	69	157	149	70	
108	41	101	143	78	95	63	192	187	184	118	68	30	108	54	39	86	147	145	74	166	80	122	135	151	46	64	181	161	179	127	100	115	198	59	176	75	145	72	137	144	0	24	186	34	145	184	108	118	142	59	
196	26	149	134	128	95	58	114	181	20	57	115	104	119	40	113	180	30	71	140	29	30	193	165	147	182	60	189	185	83	126	161	108	67	189	112	128	83	155	69	38	67	0	130	47	103	166	76	25	82	33	
195	104	119	73	180	66	22	152	58	70	118	156	156	116	157	188	123	157	183	144	108	167	39	51	23	29	142	77	133	95	66	134	146	93	138	80	69	50	82	104	181	47	174	0	36	126	36	90	138	165	30	
98	71	81	73	40	98	88	156	131	124	56	29	70	183	183	93	43	133	85	36	82	114	54	167	73	108	124	133	103	91	112	113	172	89	174	151	58	137	145	140	180	76	71	198	0	117	87	180	152	172	189	
166	124	171	152	29	75	41	157	183	50	35	93	46	116	174	119	89	80	117	93	103	197	44	106	186	86	84	177	155	190	74	100	199	143	41	104	194	111	92	126	61	49	68	98	164	0	180	187	187	101	51	
144	105	86	170	59	123	186	41	53	187	143	40	85	39	111	144	110	26	159	91	92	187	162	65	199	52	129	30	36	142	93	23	85	81	52	143	139	50	27	180	180	76	95	70	70	66	0	186	43	28	74	
148	124	36	139	153	87	124	192	79	170	39	159	77	104	69	195	187	195	83	149	104	57	45	179	193	51	186	102	170	20	140	124	150	31	199	120	148	23	68	139	62	39	171	181	38	75	77	0	167	80	23	
101	121	108	190	57	136	129	49	70	128	36	73	81	157	196	70	57	87	138	171	33	199	53	25	174	150	189	43	195	29	108	54	129	65	105	192	178	33	47	106	59	67	81	144	145	147	146	84	0	162	77	
183	92	177	173	25	71	77	90	177	59	189	43	157	67	88	31	33	27	144	142	87	140	110	76	161	125	157	176	55	137	62	147	115	69	153	30	52	147	42	57	156	137	35	107	194	39	189	168	139	0	43	
95	170	162	74	199	153	52	77	21	52	50	111	86	173	181	79	122	76	108	39	67	134	81	139	123	124	167	123	200	180	28	141	159	174	130	194	57	164	44	145	136	56	64	75	80	67	108	73	180	86	0	
