0	144	195	129	98	174	31	123	188	142	89	88	107	20	30	199	200	186	64	59	192	133	131	160	176	35	121	30	159	108	137	101	154	132	139	30	167	100	62	95	59	124	122	175	197	104	156	185	193	126	112	
80	0	25	41	107	199	165	52	71	84	108	176	89	177	125	199	73	195	30	172	69	95	66	128	121	177	56	22	104	142	65	197	200	69	199	158	129	129	36	175	135	97	83	87	76	114	130	103	165	87	51	
195	167	0	185	99	90	59	162	34	170	158	115	111	139	140	187	156	63	166	23	159	45	142	21	39	39	140	110	96	179	68	135	146	58	168	150	59	42	178	22	54	155	23	176	162	195	171	31	155	88	51	
36	195	191	0	46	155	144	64	101	68	125	25	86	51	159	92	115	134	55	167	174	73	180	151	92	73	155	174	148	61	44	76	46	155	38	108	43	129	104	156	124	181	189	119	26	95	99	25	141	53	107	
160	56	59	145	0	149	50	189	29	190	54	164	65	160	177	177	88	184	180	113	159	75	73	101	45	45	94	23	65	157	189	135	74	101	143	25	186	136	57	20	28	179	190	79	75	160	156	94	110	50	200	
70	133	99	164	153	0	101	27	21	84	29	44	143	63	170	86	24	135	122	160	159	129	140	186	144	53	78	95	80	163	138	56	149	153	160	200	48	55	159	148	45	59	36	128	181	151	79	102	94	184	100	
56	114	166	125	149	157	0	80	79	22	85	110	154	73	125	50	191	163	103	39	185	161	133	163	74	144	92	31	102	115	59	57	121	142	168	195	140	99	188	106	167	105	40	197	174	155	77	192	81	114	56	
23	56	72	145	178	182	121	0	81	102	184	32	25	47	156	137	59	68	128	36	99	89	97	176	199	158	198	152	185	106	94	195	192	102	51	37	51	85	56	146	174	128	62	63	172	142	125	124	66	117	170	
35	76	108	187	80	89	171	26	0	102	21	71	173	90	62	170	148	132	187	187	144	184	32	52	198	46	127	74	102	99	109	80	149	31	186	150	81	50	149	67	23	120	114	108	177	57	144	141	67	158	115	
26	79	120	73	131	23	86	181	136	0	22	125	156	64	189	20	159	133	103	51	163	32	119	152	110	98	147	187	103	22	94	45	54	46	47	28	112	32	43	146	21	64	158	151	142	100	53	113	124	145	115	
71	96	88	123	136	63	128	84	77	179	0	41	141	114	193	51	32	121	26	148	183	54	40	123	195	70	105	113	29	101	122	189	45	98	57	157	79	28	142	157	132	169	76	94	112	115	42	58	192	28	114	
51	164	92	163	73	158	182	196	111	57	147	0	24	161	110	135	136	178	126	54	194	87	81	66	81	137	136	130	184	113	188	100	50	84	113	187	157	170	123	66	177	66	165	77	37	41	171	91	107	83	45	
99	90	68	184	142	49	88	127	61	93	148	20	0	55	49	92	129	46	179	46	146	43	69	190	49	162	176	139	37	65	73	182	109	57	100	115	24	131	64	133	102	78	157	65	165	189	92	190	73	67	90	
154	64	137	103	185	140	140	134	120	182	146	73	146	0	181	30	62	139	151	105	54	168	190	199	125	51	153	114	104	130	134	121	92	196	64	181	185	153	189	85	109	56	153	66	104	24	110	39	32	20	132	
54	186	198	143	108	135	25	65	64	166	160	162	185	135	0	123	21	138	129	112	64	64	43	86	94	175	176	40	183	142	80	88	93	52	33	56	156	89	163	42	95	78	63	125	146	121	99	96	166	111	108	
99	53	195	178	113	153	99	59	73	174	53	134	198	133	109	0	134	65	108	29	51	198	160	133	132	46	181	40	199	129	151	34	74	136	121	28	22	95	106	167	158	87	56	68	40	128	145	64	173	128	107	
83	130	36	88	144	172	37	132	172	171	139	164	135	125	59	128	0	141	79	197	122	161	82	62	48	54	43	188	42	71	85	119	186	125	73	165	42	184	21	78	53	51	127	46	93	175	191	119	77	166	187	
84	112	104	149	156	159	107	35	76	30	41	134	149	34	148	158	135	0	80	30	189	192	117	102	195	91	182	179	128	179	60	115	70	69	44	194	50	181	133	169	118	127	26	38	122	142	49	165	21	146	121	
20	173	131	49	199	20	123	107	128	44	42	56	123	118	137	110	52	80	0	35	176	58	132	75	194	168	98	188	73	152	194	95	140	148	78	195	46	74	116	186	85	61	114	185	146	52	37	94	37	188	75	
176	86	75	128	32	96	165	20	36	173	44	50	110	44	103	115	92	120	132	0	196	81	39	37	97	190	44	54	83	131	75	80	190	154	68	40	158	62	45	97	190	76	192	132	142	51	140	83	141	31	22	
144	74	43	72	140	145	110	123	83	167	158	35	90	105	80	141	175	123	167	159	0	36	105	197	77	58	68	135	195	200	149	42	124	156	68	28	91	178	45	75	128	180	92	99	188	175	80	151	129	44	195	
133	180	135	70	139	62	32	177	163	176	124	79	65	171	173	189	121	184	137	127	122	0	120	86	193	39	27	85	63	38	72	71	29	146	66	27	132	68	182	96	61	57	121	21	43	87	63	72	90	97	155	
149	43	69	178	155	40	62	165	156	120	136	125	30	184	188	79	73	163	115	191	164	173	0	80	70	105	37	144	154	105	156	97	174	139	135	163	169	151	74	133	103	150	171	131	149	106	154	20	24	133	149	
137	59	100	50	197	25	42	81	180	130	174	94	96	38	55	121	141	83	74	32	26	33	134	0	146	160	72	22	64	116	150	183	176	68	169	32	199	27	149	37	21	145	121	64	112	135	99	155	190	142	73	
129	137	197	147	144	182	198	105	192	59	106	111	70	95	134	99	158	51	101	96	150	118	125	37	0	78	149	52	64	58	145	47	161	20	156	175	177	62	141	37	109	26	97	164	147	51	136	28	166	61	120	
92	24	24	39	164	40	88	53	171	195	27	39	116	182	89	134	74	63	94	74	29	87	87	151	85	0	136	89	123	120	124	59	41	172	198	103	80	128	153	84	167	37	28	111	140	57	128	163	87	151	126	
197	197	74	181	121	100	38	132	121	177	180	75	62	101	48	96	181	64	157	104	41	154	99	199	70	22	0	118	177	55	105	64	196	102	180	89	170	37	194	95	59	170	200	135	159	113	92	51	100	170	109	
77	106	191	36	174	163	57	71	59	48	132	133	145	55	105	114	171	97	199	133	174	158	159	133	146	109	54	0	23	83	150	185	170	127	65	77	192	137	124	86	125	160	24	101	162	24	109	86	71	77	41	
145	172	195	41	118	65	197	119	160	155	67	73	139	162	93	99	187	133	100	99	85	162	101	29	199	106	178	106	0	31	81	192	115	56	99	117	140	78	44	75	126	176	169	79	139	96	138	131	187	188	43	
110	132	178	121	60	26	83	80	96	84	50	142	200	140	108	73	186	128	20	94	135	45	32	200	158	33	138	146	171	0	60	111	188	57	179	102	134	43	87	104	189	108	81	83	100	145	97	37	59	153	92	
30	116	106	44	63	96	167	46	89	133	104	28	122	190	182	41	126	77	171	153	103	169	174	88	188	122	92	78	34	26	0	161	129	162	178	129	150	186	178	58	137	190	69	187	52	167	158	174	69	194	73	
100	199	59	174	179	35	155	119	195	97	39	20	49	170	142	140	194	70	26	47	184	123	193	127	46	123	20	53	130	99	27	0	132	120	86	55	146	83	187	69	127	86	137	178	85	151	22	39	41	180	151	
177	159	26	107	125	173	83	145	98	183	108	68	174	23	125	175	118	145	121	144	195	181	122	52	155	70	146	186	68	173	113	29	0	63	182	43	31	199	36	26	43	154	119	85	128	26	91	78	181	89	179	
137	49	183	70	135	58	135	185	129	187	78	110	111	40	197	115	128	191	40	176	59	100	184	185	143	79	45	131	157	66	97	77	59	0	37	128	199	52	193	48	164	95	200	172	139	189	139	133	184	100	161	
127	47	191	72	113	99	163	122	52	117	45	65	160	130	49	86	47	169	179	170	199	103	196	195	106	21	117	137	90	60	61	121	32	133	0	28	153	71	192	99	200	95	66	69	39	25	157	159	106	128	98	
101	194	125	75	132	27	178	149	37	157	78	116	73	54	131	31	43	179	170	146	120	115	96	141	37	139	127	51	31	55	113	184	148	182	195	0	147	43	118	174	36	48	55	168	190	65	76	115	38	170	149	
140	115	73	50	86	60	110	64	67	21	91	118	177	138	199	127	195	88	175	193	168	104	194	151	74	27	138	85	63	49	78	59	109	99	76	50	0	123	191	88	180	28	148	73	194	47	98	155	134	117	23	
47	46	102	90	136	196	46	122	23	185	134	145	31	148	147	72	73	91	76	150	191	144	69	165	119	163	153	152	97	149	100	49	198	178	135	194	137	0	192	188	87	22	61	103	129	161	99	47	166	156	194	
172	167	76	114	179	199	124	188	103	78	132	87	44	71	184	127	127	118	98	177	176	120	189	36	42	23	157	104	49	168	29	44	152	135	70	188	23	92	0	20	166	113	45	95	193	180	54	49	94	82	134	
96	44	111	189	100	179	135	51	73	154	166	156	142	100	88	163	95	71	179	55	109	124	121	77	24	174	55	131	41	87	88	198	47	145	145	149	112	177	178	0	146	110	104	98	90	160	33	168	79	84	59	
160	83	178	119	28	122	142	198	96	42	184	193	119	33	156	115	161	93	135	171	27	24	64	145	89	171	193	109	162	70	90	69	100	147	103	183	176	153	150	110	0	143	53	84	175	69	144	132	106	30	21	
83	173	95	44	102	53	33	160	74	84	197	95	65	170	140	72	139	131	54	140	25	161	197	123	41	195	190	173	82	65	108	102	183	83	82	109	128	110	57	195	135	0	132	138	74	54	69	32	176	166	143	
128	66	128	142	132	195	38	136	129	194	185	154	135	72	62	107	105	71	96	86	79	200	39	186	88	118	72	88	57	151	69	116	93	171	99	190	168	172	40	60	178	60	0	47	121	180	126	60	138	56	175	
196	70	123	63	186	62	39	79	24	23	184	160	163	157	76	150	145	21	134	121	158	161	41	65	89	164	181	45	41	85	107	102	173	81	142	45	88	153	105	52	34	29	170	0	165	31	26	63	27	22	189	
29	155	136	44	176	200	95	41	71	180	71	68	154	46	140	87	68	142	56	192	78	22	93	108	75	33	130	79	100	179	56	136	102	188	147	38	109	182	143	20	130	129	50	112	0	47	33	176	67	82	40	
21	41	117	89	119	187	94	38	173	83	180	118	31	91	53	87	190	22	45	65	149	75	121	168	110	70	40	180	138	125	37	21	43	172	31	23	53	52	76	151	102	60	169	58	119	0	115	107	59	71	103	
179	184	165	30	93	20	164	135	196	104	77	96	175	98	134	195	58	127	194	63	166	93	192	105	147	149	42	93	133	173	157	81	47	44	194	105	149	200	28	128	24	183	139	111	96	108	0	128	152	58	156	
120	90	59	161	118	52	61	142	91	144	75	110	181	29	96	161	39	70	72	145	146	100	153	140	165	113	118	23	142	40	20	93	195	141	91	106	62	103	156	165	198	160	68	47	86	32	42	0	140	106	61	
89	194	179	71	66	39	49	155	145	135	168	109	72	56	41	110	37	51	46	43	179	111	139	117	59	128	192	139	165	63	83	183	49	174	177	182	39	47	147	186	36	190	88	115	171	85	132	131	0	122	177	
42	145	78	150	149	76	193	178	132	183	124	107	196	153	90	198	165	161	58	67	100	71	195	27	78	72	21	138	180	64	80	110	127	107	22	200	124	41	159	169	199	193	158	28	152	79	90	70	138	0	109	
40	139	56	198	33	65	167	137	126	149	94	108	76	142	135	50	105	170	148	43	33	22	195	120	175	138	132	195	65	170	102	60	99	160	129	140	102	44	198	183	163	116	81	23	44	164	84	92	90	68	0	
