0	75	30	128	116	170	159	83	110	176	149	119	30	109	52	49	133	124	155	151	179	53	150	195	105	47	107	88	104	59	101	150	154	103	34	165	150	198	65	114	162	63	130	59	132	113	29	101	197	173	44	
52	0	21	123	114	114	31	132	152	67	34	181	56	101	200	110	126	129	79	112	93	34	51	20	126	124	167	55	93	168	39	160	28	166	35	100	150	91	188	55	116	39	51	144	108	143	75	172	184	46	85	
106	68	0	112	128	157	196	199	162	188	153	144	90	174	102	146	198	140	44	135	148	173	47	142	188	200	101	85	123	129	109	108	72	43	142	142	139	163	169	75	163	126	124	183	64	47	50	53	31	62	176	
96	149	179	0	77	179	60	99	160	179	69	182	94	176	52	92	70	177	150	185	104	153	90	130	121	83	80	144	103	72	101	196	99	63	62	182	185	158	184	38	181	175	176	79	37	61	38	152	171	44	87	
118	77	193	179	0	84	163	177	27	38	187	81	118	103	60	82	32	193	185	148	93	25	104	41	84	158	82	24	152	42	149	171	33	26	192	95	21	151	96	81	58	111	129	183	161	52	28	94	78	37	118	
180	115	191	35	191	0	49	85	116	62	66	95	144	104	33	66	86	195	185	23	102	36	42	137	84	191	135	195	43	111	96	196	154	25	116	67	60	131	60	167	48	136	111	173	193	149	123	92	127	145	77	
30	182	109	146	76	105	0	58	181	139	56	67	101	175	165	83	104	69	103	35	81	182	114	90	79	173	93	157	45	38	100	199	197	112	24	177	23	189	117	185	40	28	190	78	135	166	82	161	151	145	192	
29	162	55	159	150	60	35	0	44	177	91	153	131	192	89	118	24	128	23	116	122	132	102	22	126	23	55	49	104	102	177	84	40	52	48	48	42	31	63	161	67	53	178	20	196	187	143	139	166	110	106	
164	82	95	136	198	175	76	77	0	56	52	93	147	56	130	126	104	83	84	69	37	61	182	163	68	159	38	87	186	166	36	101	62	115	35	76	63	125	37	20	110	44	37	118	128	117	121	135	113	192	120	
51	122	131	104	27	159	43	42	194	0	98	156	155	68	146	65	64	182	46	122	142	43	32	71	86	179	30	108	199	181	106	122	39	84	42	32	54	39	158	156	156	186	126	143	91	171	115	41	146	67	86	
200	133	145	195	120	172	20	117	157	119	0	92	158	52	192	54	166	186	182	165	159	101	126	130	149	31	57	109	138	29	32	44	22	136	123	126	165	41	112	159	116	131	107	52	41	108	29	41	87	77	25	
133	122	20	144	90	72	156	27	134	106	43	0	83	74	123	144	173	158	42	90	54	77	177	38	169	196	196	86	48	52	140	191	187	39	130	64	84	149	91	86	153	125	84	60	164	65	94	134	183	146	198	
59	101	62	75	118	178	64	28	140	163	164	66	0	48	77	82	152	93	59	101	94	179	151	157	81	184	22	39	116	102	196	34	150	81	162	34	81	71	183	99	57	57	109	168	79	53	47	170	24	140	110	
111	195	109	175	23	44	126	82	157	124	31	194	149	0	194	35	31	32	70	139	41	107	120	33	77	163	166	157	123	111	22	199	132	138	44	153	110	72	80	179	107	69	38	191	125	157	199	81	53	30	121	
63	177	113	166	36	120	105	155	178	60	36	35	61	194	0	134	177	172	175	98	185	71	80	122	33	39	160	43	56	153	26	155	81	76	42	188	177	135	158	138	196	170	157	133	42	96	190	108	149	80	124	
94	187	28	47	75	134	62	84	56	193	41	136	52	70	131	0	48	124	145	134	198	49	189	119	131	73	102	90	78	50	154	185	122	130	112	77	180	29	36	41	180	154	126	63	134	97	139	80	116	73	92	
164	61	47	180	40	26	111	200	119	157	89	156	119	35	111	37	0	116	167	143	58	79	178	38	147	150	181	127	141	76	76	139	130	55	64	135	61	122	87	49	142	25	127	141	149	173	40	115	182	33	91	
28	148	44	42	139	149	64	111	21	198	123	110	197	31	198	110	70	0	48	191	121	71	38	190	192	159	106	141	178	50	135	43	93	177	200	145	94	110	135	25	189	147	128	23	162	118	100	99	96	92	122	
132	189	157	103	24	200	55	144	194	154	89	111	177	75	183	57	100	90	0	84	45	113	102	46	180	99	107	43	114	57	180	73	45	163	64	102	146	94	114	37	25	185	70	58	96	166	170	83	100	166	147	
164	167	78	168	53	187	153	152	155	106	172	197	152	162	77	184	113	190	156	0	153	81	132	68	125	136	107	105	183	112	75	37	98	142	148	102	57	72	32	95	200	136	111	119	196	158	61	156	121	186	44	
116	80	174	155	195	182	154	146	66	147	143	133	143	150	165	48	158	93	22	157	0	77	156	120	142	60	124	152	185	138	167	72	199	136	163	65	164	20	96	28	196	131	36	79	108	99	140	181	162	136	60	
148	132	130	100	59	28	148	94	122	43	40	74	197	41	57	187	133	101	113	92	49	0	83	94	49	106	109	90	106	156	165	196	52	113	158	20	149	35	199	74	164	78	93	124	187	86	106	143	145	144	42	
51	108	140	100	123	50	93	66	136	180	150	122	84	99	118	83	67	173	87	167	116	145	0	192	44	177	90	95	21	50	68	37	145	158	72	56	57	198	131	110	49	125	160	83	81	117	199	88	97	187	110	
70	130	52	197	79	105	113	199	110	122	197	76	27	93	32	63	182	182	136	133	100	93	65	0	39	83	84	42	35	163	20	73	138	108	84	118	188	119	99	67	133	105	34	111	120	38	36	196	140	193	74	
22	123	133	57	30	24	161	38	118	180	146	83	141	168	192	66	190	196	103	80	183	31	192	195	0	67	130	82	131	169	45	119	57	148	185	162	82	143	76	107	174	62	100	91	126	172	112	172	88	107	140	
96	85	75	108	187	168	61	20	138	121	23	28	187	46	86	84	189	186	67	200	159	102	40	172	21	0	112	165	193	170	104	39	189	87	112	150	66	113	68	98	106	81	54	184	99	167	87	159	57	109	81	
163	67	85	92	68	137	62	135	159	30	129	31	169	128	34	145	78	186	36	56	159	125	195	133	177	41	0	25	30	70	194	149	128	169	129	126	33	188	124	72	121	89	126	124	176	62	34	144	40	21	113	
118	47	36	102	106	76	145	195	83	165	100	61	81	163	88	63	165	77	138	99	49	110	60	144	187	77	76	0	96	111	186	103	36	177	196	115	176	110	146	49	117	137	87	184	161	108	173	39	149	37	58	
162	76	27	40	112	117	167	103	93	111	25	36	95	100	198	153	32	120	195	53	192	181	68	132	117	199	173	121	0	153	175	59	44	50	195	30	129	44	83	186	30	111	123	59	119	65	54	160	188	91	156	
195	80	149	144	137	162	171	92	29	171	149	181	160	22	36	122	68	20	173	122	49	185	158	190	28	120	152	24	96	0	169	191	23	166	74	98	112	56	184	120	129	83	56	49	173	139	183	108	123	171	158	
161	77	150	111	70	23	68	84	39	59	193	55	71	70	92	118	30	107	97	129	131	89	112	125	24	56	156	156	93	190	0	118	124	48	46	69	168	33	116	102	27	90	100	35	54	131	42	167	156	82	29	
75	22	61	28	197	69	111	165	173	104	148	120	107	100	73	194	111	103	91	27	72	145	181	155	63	113	141	90	47	31	196	0	45	187	26	73	31	74	63	154	198	173	49	20	180	26	199	170	67	175	200	
57	136	32	159	26	175	183	175	159	189	134	108	184	96	79	167	30	189	153	128	147	200	56	154	179	193	36	27	59	122	115	124	0	199	22	114	155	94	148	49	115	42	151	189	134	22	194	140	102	194	75	
60	90	94	135	125	141	84	110	114	103	98	50	150	158	150	131	167	196	27	54	114	91	104	39	165	131	183	21	125	23	171	79	109	0	123	73	48	174	20	120	87	181	52	200	31	47	138	47	55	173	172	
196	53	197	26	169	91	178	70	29	41	164	150	65	73	108	73	191	93	59	147	146	70	99	122	55	53	162	59	82	120	160	45	26	177	0	79	51	138	139	161	137	51	103	26	98	53	108	26	93	194	61	
147	48	71	141	71	194	120	172	177	184	94	110	167	147	184	53	152	76	40	160	110	128	164	96	39	94	182	77	151	57	52	44	165	196	120	0	190	183	115	127	105	44	113	119	41	63	74	97	139	112	143	
143	155	190	169	49	101	76	64	35	142	37	102	29	51	102	25	52	172	175	73	164	117	83	68	74	67	144	156	39	94	64	86	199	67	165	26	0	77	42	30	44	67	121	24	135	86	37	54	155	64	52	
155	108	174	167	25	50	30	72	145	79	194	96	31	158	177	105	137	88	104	108	152	77	94	188	90	103	43	155	130	137	97	151	99	41	46	163	104	0	134	175	31	102	88	117	32	54	60	146	34	68	49	
128	141	169	167	175	174	196	134	155	151	30	44	103	99	119	161	106	94	193	74	88	51	179	56	61	180	167	192	199	132	68	164	82	142	78	98	100	171	0	134	173	106	69	118	115	170	171	42	154	33	26	
77	52	55	104	177	58	163	132	35	57	58	28	183	196	31	112	77	192	179	107	142	31	30	97	194	84	155	151	139	63	164	135	135	193	80	156	170	72	55	0	102	107	145	174	108	54	44	64	109	180	133	
97	78	123	20	140	98	111	186	80	39	71	34	136	71	68	133	200	169	106	97	130	125	82	61	160	85	65	47	35	176	60	185	155	194	164	184	31	85	85	28	0	34	85	64	99	107	171	34	83	130	144	
177	134	156	192	145	140	161	134	180	70	85	127	21	98	35	98	27	121	27	27	139	47	120	144	133	192	25	185	196	115	32	30	140	24	93	75	75	31	101	90	100	0	82	118	111	26	59	133	168	126	115	
35	54	136	113	84	159	76	22	36	39	129	52	67	37	144	64	62	99	21	32	55	139	185	59	46	122	35	50	48	41	195	143	72	170	41	174	77	152	57	87	28	98	0	95	116	174	95	141	34	168	154	
67	132	133	98	63	105	82	116	31	166	192	85	183	191	119	185	47	29	192	70	151	187	125	32	177	179	68	78	79	83	192	196	193	175	39	21	193	84	171	152	86	61	187	0	199	94	79	193	63	197	67	
52	50	106	168	144	71	191	145	197	73	131	29	58	67	109	66	125	114	22	197	192	52	110	83	199	105	66	45	111	128	62	50	65	177	67	153	176	140	184	189	26	154	67	148	0	151	92	33	33	140	155	
177	158	21	184	196	85	155	47	126	120	197	52	81	113	197	108	72	112	138	127	71	151	163	198	121	30	64	88	72	21	195	52	172	44	187	121	96	108	81	90	172	76	48	55	65	0	186	50	196	134	183	
78	187	47	43	194	113	89	179	95	43	187	39	144	77	146	106	34	58	194	189	128	186	185	160	59	167	82	183	80	114	194	147	180	197	126	75	176	105	109	49	85	124	20	187	92	61	0	109	76	98	105	
172	46	103	106	121	50	93	72	134	51	141	68	112	28	80	155	104	172	191	90	29	108	100	185	44	194	53	84	145	158	176	169	75	65	125	138	28	34	196	85	56	51	58	59	71	194	37	0	81	100	82	
119	56	94	136	83	36	30	76	188	121	106	65	166	53	151	166	63	25	30	60	84	185	181	178	80	97	120	63	167	146	56	78	187	104	45	115	83	135	99	123	183	101	87	96	37	161	195	163	0	105	114	
177	102	120	176	62	165	98	98	121	101	73	126	191	66	110	179	76	70	178	137	197	23	131	183	33	86	32	55	25	163	107	24	155	27	177	77	137	82	177	188	105	73	158	159	53	198	91	200	27	0	136	
73	36	143	27	173	186	117	28	192	154	185	113	66	67	126	43	159	194	180	70	56	148	134	53	79	108	144	69	55	63	64	134	198	74	101	156	27	133	84	21	100	24	153	114	105	186	173	120	37	152	0	
