0	20	179	111	151	177	163	116	49	28	71	116	130	128	113	92	180	126	157	106	43	118	20	177	153	147	33	22	25	52	49	67	147	76	86	166	114	33	53	79	109	136	40	49	117	146	109	195	31	112	113	
93	0	62	96	146	117	143	135	143	61	77	43	28	54	87	145	190	154	96	39	169	31	200	161	39	21	152	46	148	68	74	111	127	74	86	43	198	188	129	173	143	85	87	93	50	177	36	118	79	85	79	
162	109	0	118	164	135	73	90	169	200	48	86	152	92	124	137	92	174	98	132	165	176	66	142	143	119	21	98	106	116	99	75	167	155	30	131	59	41	160	44	85	111	29	87	75	89	152	154	81	29	64	
33	114	76	0	144	191	37	30	75	141	148	77	102	164	35	190	126	105	75	52	170	41	162	59	199	67	85	170	62	162	92	34	101	31	119	79	132	37	199	128	87	22	59	116	47	175	56	83	147	44	123	
77	79	29	156	0	71	90	193	94	97	126	65	83	32	93	76	37	61	120	47	138	98	133	150	130	197	100	168	114	26	52	64	192	87	84	119	132	199	40	140	55	106	82	109	35	31	113	86	184	92	132	
89	195	38	88	78	0	174	44	64	25	102	85	163	29	38	122	36	95	63	133	94	100	21	117	25	131	108	87	58	159	138	101	126	158	67	88	176	85	146	170	111	176	86	109	98	149	173	158	192	57	196	
108	38	25	63	60	85	0	124	108	58	51	94	112	136	41	131	110	99	121	74	87	65	120	191	171	50	100	163	191	25	195	199	197	64	190	188	53	81	141	117	95	125	168	58	31	116	69	118	140	77	145	
159	109	45	140	136	38	141	0	65	22	34	90	96	99	153	103	79	155	35	54	131	109	126	89	23	198	92	179	69	128	94	124	29	200	70	71	177	163	158	41	50	77	36	178	152	38	162	100	56	157	103	
57	44	41	45	165	34	125	109	0	166	111	149	191	67	23	110	188	57	27	142	157	187	119	35	107	164	123	195	166	70	58	152	138	158	131	179	41	188	197	74	167	57	164	88	60	36	175	33	86	49	57	
72	124	123	40	142	48	73	72	64	0	175	48	41	24	132	74	85	94	166	135	170	111	56	90	184	117	73	178	66	195	41	83	42	165	147	130	118	55	96	35	110	95	183	189	108	183	21	135	73	37	79	
149	131	118	197	20	71	163	197	61	43	0	86	112	87	38	72	83	183	86	110	58	117	198	119	128	194	125	41	101	128	177	192	105	61	49	176	77	56	35	166	158	106	133	28	42	196	31	152	92	44	24	
106	127	188	172	169	75	42	115	155	41	170	0	77	153	160	49	86	94	176	21	99	198	195	181	102	91	99	200	179	64	135	120	64	120	111	195	174	85	87	47	154	67	119	187	27	73	179	71	146	70	129	
25	188	92	39	34	94	118	161	128	189	123	56	0	197	136	105	157	129	40	59	139	59	125	173	139	152	84	53	37	70	177	129	198	76	90	192	121	149	46	182	113	152	192	163	73	30	121	70	70	28	187	
154	75	149	69	21	36	197	93	116	66	40	180	145	0	70	118	179	165	108	98	64	158	100	175	28	82	46	153	54	134	125	26	188	36	157	82	34	89	157	40	87	44	164	143	58	94	53	95	195	30	193	
32	109	86	115	187	33	63	60	31	183	72	118	93	109	0	24	29	93	144	168	133	88	186	169	36	139	71	173	154	77	60	137	81	27	95	23	159	124	52	119	148	44	178	179	86	169	80	196	79	89	184	
147	166	52	181	39	26	136	60	55	93	62	197	123	196	37	0	33	126	101	131	136	44	52	89	188	189	174	176	93	77	127	156	123	121	172	140	66	193	182	114	168	178	96	180	83	62	32	56	40	53	113	
157	186	138	129	31	133	44	177	66	28	191	161	25	145	172	64	0	127	73	20	90	38	156	191	104	48	107	57	171	156	25	45	68	119	199	159	116	21	134	170	38	101	80	29	199	38	183	28	83	88	31	
171	23	199	36	158	109	153	32	32	182	24	153	56	74	136	183	139	0	122	132	79	169	29	87	157	53	26	163	35	24	77	110	34	134	138	149	196	168	176	29	36	136	191	170	80	196	145	60	133	152	31	
46	136	86	71	103	31	115	55	137	77	123	105	27	69	26	91	36	136	0	190	146	90	175	89	132	107	49	135	94	154	38	131	40	45	49	99	181	193	95	104	68	28	24	64	175	123	51	62	131	177	132	
136	114	79	62	31	142	198	35	183	21	182	122	94	153	66	108	66	70	101	0	160	92	167	103	91	101	24	58	87	81	82	126	63	163	40	89	49	144	87	99	25	55	120	173	42	47	84	58	171	28	44	
131	112	154	148	31	28	158	38	23	54	20	168	151	77	105	132	188	98	143	44	0	159	160	46	166	140	123	120	108	33	181	30	139	74	76	67	182	113	189	114	36	115	140	66	84	29	50	49	189	81	142	
72	99	138	22	66	140	33	105	21	154	151	182	171	37	157	78	131	96	26	116	136	0	98	137	149	136	90	67	167	38	77	92	132	68	195	144	128	177	165	98	103	163	20	137	25	150	99	61	109	46	148	
150	63	148	166	149	127	121	175	174	107	188	66	195	130	166	23	173	42	91	140	184	170	0	125	180	181	198	136	100	141	65	186	33	38	25	72	53	176	127	180	158	68	76	130	125	180	86	147	42	52	145	
149	125	199	85	49	108	85	173	38	176	171	84	29	114	195	92	116	45	132	197	168	21	61	0	80	114	174	43	199	156	200	150	195	189	66	56	86	98	75	70	48	106	193	114	30	61	153	93	110	197	92	
152	57	22	110	93	148	181	192	56	58	105	135	146	102	77	93	26	26	135	105	196	75	111	57	0	41	103	112	90	45	123	139	141	68	79	186	105	69	55	95	195	169	186	199	157	195	28	105	149	61	198	
172	60	173	40	31	80	91	51	89	137	36	129	91	137	196	155	93	31	63	182	51	75	169	184	62	0	95	148	166	173	199	54	39	141	124	138	144	56	115	113	51	31	190	49	65	94	87	175	39	130	54	
23	56	152	33	69	179	80	189	82	24	90	134	151	131	76	81	196	115	86	192	81	193	26	21	83	20	0	44	158	26	115	30	127	66	28	123	141	190	151	79	23	155	107	118	70	27	90	150	72	200	178	
196	106	189	188	172	46	22	125	75	94	169	23	24	54	95	89	147	143	184	20	27	56	140	22	94	154	183	0	112	44	135	108	75	42	141	88	20	50	155	104	133	70	139	36	58	43	143	183	180	126	197	
109	151	76	99	95	73	63	60	50	43	161	156	31	129	136	30	161	115	34	36	160	129	130	181	172	71	59	82	0	95	195	64	38	95	83	84	30	172	176	39	143	104	111	181	43	145	175	85	126	121	91	
135	79	170	193	181	38	34	48	101	50	130	195	141	176	54	27	110	178	103	99	181	123	54	79	184	121	97	163	129	0	94	199	96	135	162	138	118	170	141	179	190	144	47	191	140	104	61	162	54	27	131	
189	98	103	156	144	76	200	139	96	92	195	172	196	200	146	109	195	73	122	105	156	136	33	185	171	196	153	98	117	48	0	106	116	156	157	43	139	159	198	157	112	51	160	81	131	32	195	117	188	21	41	
68	42	60	37	186	114	20	190	60	80	75	73	182	84	50	176	86	155	92	162	61	143	26	60	51	89	161	156	116	35	125	0	32	192	124	144	52	164	125	37	195	147	30	180	54	139	90	86	25	156	50	
141	90	41	92	192	132	196	100	37	156	112	145	91	160	120	185	110	61	184	124	130	74	133	170	136	57	76	191	192	180	53	145	0	26	64	69	27	107	198	40	155	66	191	163	164	126	37	71	93	77	161	
146	98	196	150	21	45	100	54	162	197	124	64	74	184	159	97	98	167	22	89	163	47	164	169	110	109	125	24	51	166	149	104	146	0	91	189	122	124	31	168	114	162	199	189	35	64	135	143	146	59	155	
76	196	83	177	168	107	38	195	42	178	187	188	198	65	139	33	53	189	48	185	80	87	108	51	183	180	120	133	37	169	82	181	59	94	0	158	67	118	23	58	161	127	141	198	97	71	175	182	168	63	50	
76	37	71	54	102	168	23	49	94	103	33	48	44	160	148	94	94	166	31	51	134	86	128	173	179	177	191	104	184	69	124	123	64	59	126	0	104	165	195	45	62	34	157	177	101	59	42	36	130	38	84	
91	57	138	170	154	43	161	26	34	140	60	61	196	94	187	105	189	157	133	72	92	68	128	129	139	187	121	168	116	146	76	127	158	25	128	194	0	152	149	83	107	95	136	117	150	52	40	109	66	58	189	
144	66	90	128	156	61	112	128	140	41	169	152	156	170	43	127	135	113	137	143	163	79	95	136	28	80	157	159	181	24	45	144	77	116	128	61	71	0	185	130	174	33	37	83	156	36	193	193	115	165	150	
120	142	60	82	128	135	30	168	62	173	160	95	55	73	126	131	36	137	77	58	147	66	37	89	84	137	196	147	69	20	80	33	69	162	60	58	44	75	0	178	186	102	49	132	134	159	132	159	157	106	175	
34	85	175	135	163	40	100	63	79	44	187	181	51	85	104	154	140	43	149	58	181	103	60	45	47	25	121	88	191	36	30	141	176	191	91	93	59	43	82	0	136	170	89	44	45	164	185	193	78	164	124	
130	64	191	143	50	63	194	22	64	138	20	26	73	63	59	177	43	39	184	102	178	177	147	136	66	91	68	48	68	22	126	91	27	79	191	168	180	153	93	46	0	88	134	152	194	108	174	95	107	172	69	
130	23	63	143	152	99	171	182	111	88	103	185	71	35	159	85	149	194	74	138	156	112	119	135	78	33	150	197	43	31	196	106	65	124	108	144	112	32	176	129	173	0	152	51	189	62	84	188	94	40	40	
72	23	121	79	164	88	197	119	25	122	96	105	136	138	58	196	73	147	197	93	81	128	175	116	194	52	21	191	46	52	92	119	123	81	81	174	68	100	179	197	177	117	0	188	35	165	140	160	121	193	83	
53	171	23	146	86	163	173	131	141	140	174	139	168	91	167	76	97	99	38	38	78	196	161	136	77	195	159	46	180	190	132	182	71	119	107	81	157	192	43	21	94	148	184	0	42	111	103	26	168	42	193	
131	65	50	35	81	101	198	80	184	119	41	185	167	90	171	20	90	150	116	193	102	33	81	58	96	72	119	80	57	45	40	91	146	154	111	190	81	141	24	54	128	105	187	143	0	52	197	73	139	22	55	
38	108	42	179	123	27	176	163	88	149	45	101	34	148	106	170	124	142	62	139	95	71	108	65	42	81	107	116	163	23	29	180	170	113	139	118	124	179	95	174	87	20	131	115	126	0	196	56	195	191	117	
168	66	111	73	187	153	131	120	174	107	45	168	131	123	80	31	134	40	151	110	117	64	148	43	154	152	70	152	97	166	187	167	55	159	139	64	148	96	88	117	73	190	41	119	118	171	0	26	59	145	156	
48	81	171	108	108	137	131	66	53	128	95	102	64	198	184	77	71	54	24	149	150	70	100	26	194	53	188	98	192	99	185	47	168	75	48	71	34	34	46	124	100	49	160	197	197	38	99	0	80	196	46	
147	117	153	194	119	113	48	55	180	190	158	27	83	53	169	170	185	60	154	107	63	54	45	35	91	51	149	102	175	86	199	70	140	44	31	153	153	133	97	160	130	132	35	21	170	172	23	50	0	147	151	
107	74	42	127	105	104	124	121	199	103	162	44	196	78	134	47	174	132	113	53	27	81	132	123	23	199	28	89	166	191	46	64	50	101	21	112	43	104	103	139	189	168	121	161	179	68	42	192	23	0	156	
111	188	71	67	80	38	195	125	174	155	65	21	193	146	178	138	192	85	191	51	142	107	61	186	145	103	52	72	141	54	149	172	106	47	65	179	168	88	142	176	172	60	85	94	80	52	112	24	195	22	0	
