0	111	195	92	174	118	70	183	46	62	53	80	58	29	137	84	40	52	78	147	170	178	187	50	200	113	114	183	39	175	77	131	173	84	152	148	130	194	29	160	200	142	98	33	97	50	81	64	180	89	69	
127	0	58	100	188	61	68	98	136	40	168	146	118	122	185	188	105	37	21	199	92	101	87	161	149	147	128	99	126	177	85	76	72	150	44	116	39	41	168	162	109	145	174	180	143	166	151	187	41	36	108	
127	167	0	71	62	150	161	51	86	142	129	81	150	57	65	192	140	89	74	144	146	200	150	109	170	60	133	125	180	142	78	71	119	31	86	91	150	99	91	131	165	149	153	70	42	116	55	24	170	144	104	
39	95	85	0	49	84	23	48	154	57	125	84	176	194	45	81	85	165	74	193	63	27	91	153	148	32	111	75	165	63	49	196	106	38	70	110	188	193	96	63	64	101	105	105	72	194	77	103	67	173	66	
183	50	70	66	0	170	43	65	117	148	56	108	106	66	53	112	192	21	149	168	45	167	164	38	167	127	163	162	52	85	174	165	81	75	134	48	128	170	53	75	184	187	191	108	186	181	143	27	67	85	94	
139	188	196	88	163	0	172	75	87	199	196	177	145	166	150	136	91	183	102	89	140	120	166	68	77	69	61	152	181	74	69	39	181	185	35	154	90	38	90	106	59	161	121	194	156	20	51	43	108	176	137	
65	52	95	140	113	169	0	191	69	111	78	31	126	65	44	122	113	114	23	183	155	147	81	180	24	69	85	189	116	62	93	95	22	185	137	173	54	113	194	139	171	99	48	164	187	189	114	52	37	167	172	
184	172	28	107	145	130	174	0	86	56	82	110	121	46	174	85	24	30	126	27	66	174	139	51	114	103	186	86	97	59	64	42	147	121	118	21	64	128	175	54	123	82	174	124	200	73	142	53	73	104	33	
180	107	161	147	173	29	106	54	0	191	29	129	164	56	163	33	80	160	109	131	26	100	89	23	45	109	82	93	47	180	150	188	132	62	63	57	145	116	143	32	139	151	108	114	33	100	27	165	54	141	198	
69	160	198	158	87	128	60	20	75	0	83	101	73	54	195	64	141	100	182	168	143	153	40	28	34	103	63	135	147	165	141	182	66	149	200	43	90	148	131	102	132	63	54	52	112	126	175	183	112	120	49	
156	197	28	21	103	192	117	183	175	64	0	146	80	113	164	32	26	47	32	88	107	137	162	79	48	154	77	26	119	46	79	179	54	186	145	141	118	180	181	27	189	148	97	153	80	139	91	32	36	119	95	
187	134	73	199	62	74	113	88	58	124	54	0	30	159	33	174	188	134	195	29	90	63	129	153	143	46	76	26	167	185	174	121	164	109	25	112	166	38	98	48	119	27	149	46	157	121	35	140	169	177	48	
43	197	101	179	44	148	150	112	133	143	92	97	0	183	104	108	181	157	91	151	127	90	129	89	69	176	137	172	144	190	178	193	93	141	172	77	31	148	86	135	50	142	128	70	105	162	23	101	132	193	45	
22	161	43	61	25	123	28	82	189	174	173	98	54	0	110	155	126	92	128	27	152	125	42	188	125	179	132	55	26	57	196	149	139	130	187	156	69	177	145	128	90	137	118	117	120	166	27	93	88	191	54	
195	113	28	150	38	138	198	47	85	28	75	115	183	197	0	181	37	150	54	93	110	60	24	66	120	160	23	118	200	72	62	198	46	65	135	189	180	126	160	187	175	119	139	132	82	98	22	38	197	82	169	
94	176	68	58	154	110	169	134	92	113	125	129	126	194	118	0	37	94	121	107	195	196	63	29	21	69	187	74	60	162	128	182	85	189	52	174	178	77	38	125	160	140	200	50	62	102	52	122	33	191	72	
157	147	190	181	103	97	163	92	177	133	112	70	186	125	108	40	0	56	100	43	154	191	56	53	93	25	55	151	103	123	77	149	40	161	119	33	51	49	84	106	191	96	192	154	176	165	80	113	129	63	130	
70	61	107	36	183	168	190	65	21	193	25	148	40	142	24	31	44	0	39	38	115	37	112	190	45	30	56	127	69	41	40	106	79	29	172	70	80	131	66	84	97	147	180	126	53	139	135	27	189	164	116	
163	91	154	147	47	200	123	173	32	175	198	43	32	41	95	127	35	38	0	21	155	126	169	120	90	63	160	28	65	144	89	69	116	125	160	21	26	167	55	131	28	31	123	134	186	58	119	158	161	149	132	
187	133	62	149	103	129	165	26	105	70	134	159	44	30	45	169	86	76	66	0	102	138	189	27	94	174	112	147	22	184	156	137	62	182	38	166	178	115	29	128	127	66	37	27	114	107	177	64	46	174	83	
52	197	111	25	186	133	100	196	170	156	78	194	192	144	185	35	145	46	83	51	0	92	30	137	36	125	69	73	142	159	69	186	186	142	58	150	191	43	145	46	183	102	43	135	61	87	146	100	62	70	70	
132	61	132	39	188	65	137	60	26	117	191	73	132	184	118	152	73	83	189	124	175	0	50	85	40	86	70	157	151	150	71	89	200	180	86	161	171	157	34	169	168	116	118	181	167	200	158	164	110	128	54	
25	52	42	187	178	35	189	114	142	28	66	126	190	84	133	193	54	93	152	145	133	133	0	37	146	80	38	151	60	109	72	119	52	79	40	167	174	145	169	181	38	71	25	133	194	178	70	119	59	181	176	
62	58	106	103	181	36	137	113	25	52	153	93	28	108	28	138	40	141	23	165	93	47	106	0	147	106	149	74	97	49	24	176	69	117	90	188	165	118	71	40	54	167	190	200	132	135	153	26	199	148	179	
179	140	24	83	72	117	167	199	186	66	121	26	104	34	42	105	47	98	23	21	93	192	30	133	0	133	92	108	56	81	149	68	156	157	26	140	143	108	110	115	75	145	83	107	24	43	147	69	82	135	75	
151	25	85	106	110	176	140	83	111	72	24	120	45	132	95	110	171	108	108	82	48	90	155	200	137	0	104	78	95	183	179	58	150	184	79	21	155	109	153	178	182	168	66	63	82	80	80	24	182	48	155	
105	51	187	61	120	24	66	90	148	99	137	127	59	143	64	111	162	144	54	195	27	72	99	54	120	72	0	148	24	111	169	35	127	162	62	20	88	81	179	175	106	137	76	60	112	28	121	151	97	35	39	
187	82	109	157	54	56	112	94	103	44	42	94	186	39	119	191	27	119	152	191	82	93	170	110	196	70	168	0	200	157	47	200	179	174	99	183	198	179	187	102	80	166	132	84	77	24	82	123	61	191	90	
148	45	76	98	70	65	152	119	90	20	120	31	78	83	180	111	78	168	158	58	132	58	195	109	198	23	84	136	0	103	24	182	124	153	151	123	65	111	148	184	134	121	90	153	75	169	21	163	148	109	59	
53	41	96	23	87	120	102	78	50	38	22	39	132	40	55	93	200	37	197	71	168	77	121	91	55	94	154	96	135	0	116	84	102	116	42	28	199	42	90	106	42	26	96	174	44	188	180	28	134	116	28	
167	64	70	28	162	125	64	61	120	95	95	108	176	122	93	126	70	92	146	135	176	98	34	181	77	189	107	112	152	58	0	118	142	149	125	97	70	158	196	190	34	198	103	193	27	20	33	30	108	119	110	
187	105	139	133	104	148	123	31	164	83	86	40	83	173	53	44	169	37	88	99	154	47	65	91	30	163	38	186	33	86	70	0	163	55	85	105	198	47	105	24	128	122	176	42	120	23	174	191	190	164	39	
86	82	84	50	127	73	184	191	85	141	73	123	98	109	182	34	35	100	178	200	187	53	44	50	188	79	102	149	142	171	21	120	0	24	101	174	73	21	146	150	195	136	20	200	149	86	71	52	189	74	130	
91	81	71	80	74	167	82	90	144	167	185	80	73	146	54	27	30	70	72	199	134	117	114	85	80	93	176	71	174	72	31	26	198	0	30	197	197	81	182	158	142	93	149	69	150	158	98	107	77	45	181	
65	36	177	154	119	189	21	55	107	73	138	76	162	154	54	161	46	68	68	84	166	56	164	69	181	96	45	54	159	28	112	119	67	88	0	43	108	170	179	58	169	41	69	142	192	194	195	166	191	169	128	
87	111	199	83	129	196	43	133	79	25	182	100	184	64	200	175	61	60	160	153	161	140	168	35	37	61	25	55	42	180	169	189	199	182	136	0	110	90	114	111	41	65	25	139	79	163	145	99	127	23	177	
52	49	141	105	178	104	42	146	104	94	95	30	178	84	114	85	34	169	45	145	182	92	193	186	29	109	192	152	47	85	116	196	104	177	127	78	0	42	72	60	62	42	135	147	128	200	169	148	75	200	89	
26	98	198	32	192	193	147	87	87	21	160	126	84	58	70	171	195	174	113	23	124	199	177	142	151	43	45	70	52	74	48	99	116	55	195	93	159	0	26	138	183	86	174	164	116	79	21	61	157	38	152	
193	104	162	148	93	48	55	153	32	180	52	180	72	28	138	115	105	63	168	34	74	146	186	101	118	144	89	115	193	158	131	85	86	158	173	47	87	158	0	70	74	109	135	136	135	67	179	117	189	161	33	
108	140	134	95	79	65	102	103	156	169	96	83	44	177	200	129	83	185	152	163	86	21	104	38	97	105	111	77	67	195	67	94	98	180	149	94	28	132	125	0	37	79	78	96	126	57	75	22	152	192	88	
80	180	26	43	199	108	178	59	139	156	182	120	35	95	61	108	93	133	172	155	86	176	78	104	95	128	107	44	76	141	33	21	162	30	74	32	187	195	120	95	0	109	55	163	132	43	150	47	66	82	151	
41	168	132	101	51	140	118	62	48	190	124	148	179	166	121	196	42	134	38	52	75	95	35	35	47	182	62	123	74	132	50	110	122	90	165	140	144	112	184	28	137	0	93	134	45	107	37	81	103	44	120	
153	32	110	136	59	87	171	31	125	53	184	117	199	109	23	33	114	80	100	52	46	106	114	112	196	154	91	112	130	66	138	74	26	182	126	55	30	176	94	27	103	80	0	193	133	48	184	123	100	75	110	
100	45	52	78	141	26	135	113	67	63	117	30	182	34	35	125	172	139	30	160	102	135	47	64	199	117	50	152	191	51	127	168	20	37	72	98	155	66	61	141	164	119	28	0	157	109	45	199	56	93	45	
43	125	42	81	50	143	57	123	192	47	41	103	21	66	182	47	88	142	175	186	67	176	25	110	53	196	61	74	68	169	120	131	33	36	190	103	141	75	166	123	81	50	51	144	0	173	199	163	70	117	43	
104	105	151	143	152	199	151	169	25	149	103	119	62	103	57	156	178	99	53	74	123	25	158	111	100	74	178	129	173	198	166	116	129	112	186	87	44	195	23	188	57	189	25	161	167	0	75	77	71	132	105	
119	61	145	108	66	155	175	21	74	108	139	68	65	20	71	114	112	169	187	193	36	144	195	49	109	168	44	29	163	101	49	79	35	43	179	45	143	154	120	47	25	115	87	160	57	199	0	51	172	173	170	
94	164	20	162	42	163	165	132	158	60	33	49	128	103	33	183	141	150	55	57	162	89	60	23	40	70	176	103	118	179	121	116	23	136	100	194	39	58	198	176	116	111	73	169	51	82	98	0	180	27	131	
198	139	199	123	200	174	130	83	24	88	100	125	82	56	197	61	128	28	61	166	23	64	75	123	53	179	127	35	141	156	62	69	64	119	55	190	105	185	40	70	50	90	42	47	33	52	76	82	0	60	56	
44	67	194	23	200	46	71	139	123	62	35	128	172	163	93	133	130	112	20	160	116	73	149	160	151	25	34	45	23	132	27	98	123	33	86	167	175	77	73	104	139	185	56	73	45	166	130	131	114	0	150	
149	133	172	197	126	144	57	39	155	124	121	110	73	92	87	84	175	138	21	35	165	181	69	48	104	42	147	136	98	36	88	84	64	95	152	195	200	119	115	54	81	115	120	111	134	88	149	176	35	70	0	
