0	58	97	102	33	100	48	122	55	136	35	127	183	181	58	114	188	82	83	39	72	120	110	177	42	173	25	49	30	152	91	111	48	199	117	71	74	160	134	169	174	65	86	74	94	122	144	112	82	143	71	
114	0	178	79	31	76	117	182	63	20	172	39	131	32	47	116	56	199	163	140	60	189	166	200	70	186	142	135	78	111	156	125	184	111	95	42	55	87	33	51	195	173	142	50	21	72	129	39	37	128	58	
147	195	0	188	170	199	124	116	67	195	44	186	109	103	113	52	159	105	150	158	139	61	73	69	97	195	187	138	116	182	88	61	161	38	137	84	67	87	27	176	187	121	135	153	97	182	137	37	112	27	172	
123	39	188	0	90	82	40	67	46	125	128	117	160	170	54	168	141	27	56	189	54	31	35	156	73	77	147	77	77	38	193	190	58	41	95	61	79	118	106	167	113	89	189	200	197	49	148	193	62	38	189	
24	51	150	115	0	132	69	105	151	196	120	95	101	48	53	42	78	50	48	186	169	191	156	103	70	134	70	21	131	83	154	58	130	148	22	56	81	144	87	161	94	52	41	20	175	79	86	33	36	52	57	
113	36	83	120	151	0	79	117	95	138	167	98	100	32	43	49	199	48	43	171	70	53	137	147	112	50	81	152	90	174	125	128	137	27	51	47	191	81	84	43	149	133	151	87	85	59	85	78	87	76	109	
109	20	161	28	123	63	0	93	87	113	191	135	115	97	79	156	114	55	178	129	29	200	108	142	100	98	98	20	118	161	81	113	144	32	135	183	185	192	75	111	21	58	33	24	34	90	164	140	192	130	28	
59	141	194	131	197	41	127	0	187	174	192	189	48	27	128	131	72	101	113	94	193	185	92	103	143	92	133	49	139	189	152	133	27	143	81	99	103	135	126	95	36	164	171	92	136	37	195	163	78	102	115	
83	146	78	121	23	81	130	168	0	191	39	115	185	130	133	200	149	21	195	91	74	47	32	56	127	135	171	135	165	22	169	180	163	154	112	114	89	199	75	166	181	57	157	48	184	89	88	135	169	68	31	
133	95	44	29	163	50	178	188	94	0	42	183	77	156	72	33	93	114	185	79	166	128	54	147	146	93	77	162	112	149	50	182	66	120	60	86	145	184	155	61	109	60	178	191	152	93	90	123	42	178	172	
123	125	100	195	162	167	56	20	103	198	0	103	38	23	116	151	160	96	157	24	144	47	176	109	52	103	135	38	79	135	51	76	75	171	136	67	104	181	81	94	97	186	172	178	97	159	105	154	163	117	23	
107	140	22	178	30	154	154	146	172	189	129	0	30	120	180	34	79	79	49	79	142	169	64	173	162	150	65	46	135	65	159	200	101	117	41	32	159	52	127	113	91	100	135	137	162	104	175	122	125	96	86	
75	103	69	37	142	33	144	41	34	51	47	95	0	152	127	123	183	122	92	175	24	127	199	171	143	29	134	85	155	132	104	53	196	59	177	29	148	85	119	175	84	164	150	35	67	57	62	136	63	46	140	
86	162	171	160	140	131	131	41	135	32	132	196	157	0	121	43	55	129	61	100	27	89	141	86	110	47	118	118	78	60	176	112	56	26	121	77	111	35	27	94	68	128	82	66	27	147	134	128	138	95	165	
88	186	101	27	126	150	184	91	174	37	58	102	78	76	0	75	138	155	44	176	125	149	43	128	88	200	168	34	58	140	98	56	89	31	194	104	165	26	55	122	51	182	115	55	78	80	48	21	191	49	161	
139	41	62	109	83	159	172	63	177	132	47	25	73	170	138	0	100	112	23	94	58	112	47	187	189	192	76	163	58	182	40	175	194	135	74	122	187	121	142	80	160	127	114	49	166	78	64	134	108	24	35	
43	140	196	91	167	190	60	195	40	186	104	30	123	28	67	64	0	185	200	157	173	158	103	56	59	178	163	45	113	36	134	157	128	50	97	32	179	96	126	145	21	155	140	192	134	181	197	87	118	27	162	
96	175	148	57	56	60	121	158	193	53	73	149	197	102	43	197	195	0	187	58	159	73	188	84	191	139	126	194	64	112	109	106	137	76	139	154	74	29	24	175	117	164	113	111	191	183	60	129	71	95	164	
40	179	140	195	52	165	106	158	96	40	110	127	21	55	34	79	99	58	0	160	47	73	122	41	165	21	64	92	156	151	186	101	135	138	148	192	71	152	116	143	123	117	31	63	64	83	119	42	34	130	130	
179	106	32	150	158	197	98	174	188	23	29	99	82	121	77	134	161	83	137	0	128	195	140	145	121	165	161	45	175	145	119	168	138	100	157	31	84	39	97	77	52	155	65	128	22	182	36	50	196	118	136	
179	172	154	187	24	194	155	142	45	25	60	72	36	115	119	97	43	138	107	31	0	182	177	86	72	61	73	175	158	147	148	183	121	31	184	141	136	88	166	144	26	144	155	193	121	189	56	176	136	131	48	
170	141	50	53	56	54	56	120	142	30	200	80	116	131	53	190	103	196	106	59	40	0	79	97	148	165	79	123	109	125	129	41	125	133	104	54	122	125	36	24	27	105	109	28	29	48	169	106	113	181	140	
85	142	103	88	66	43	95	117	99	80	111	34	117	184	27	191	137	110	182	76	117	134	0	70	32	93	47	159	92	122	170	43	198	31	190	99	129	118	112	120	131	185	75	104	58	78	140	84	192	138	129	
31	152	67	144	110	174	25	145	52	142	176	45	64	188	116	78	130	109	127	129	146	70	78	0	93	189	122	24	113	135	22	164	197	60	89	192	53	136	186	97	90	156	69	62	102	22	144	170	40	53	80	
83	147	182	108	54	41	187	95	27	29	134	183	104	163	144	76	108	36	76	105	20	164	97	114	0	179	107	193	82	119	76	39	61	86	41	173	159	149	137	38	78	139	177	191	109	88	43	42	149	183	20	
94	62	144	143	192	46	111	161	133	169	111	131	89	71	23	188	72	148	113	110	54	182	81	179	104	0	168	95	35	23	67	158	200	136	34	164	146	98	49	144	65	45	39	136	131	138	46	192	21	122	150	
134	60	129	177	58	178	21	94	139	41	83	153	154	160	59	194	48	77	29	35	120	160	200	141	65	69	0	198	145	166	63	111	28	160	104	76	88	177	79	63	179	146	134	122	177	100	28	173	20	106	188	
38	76	142	55	34	56	87	136	198	28	54	26	111	29	164	64	199	112	91	107	172	152	54	170	155	105	111	0	42	195	189	190	76	64	171	57	106	196	120	106	175	37	164	176	38	183	154	103	108	92	44	
132	134	190	103	141	166	36	164	189	171	57	148	42	63	200	45	74	46	110	191	96	75	48	109	58	94	121	108	0	92	166	23	183	140	151	154	178	127	180	120	41	144	133	42	91	30	95	114	88	153	20	
109	94	128	47	68	89	196	105	152	37	93	117	189	123	148	44	106	140	138	61	177	135	112	190	54	79	135	135	129	0	165	171	25	176	114	89	22	166	87	52	168	46	26	177	23	193	120	20	156	120	65	
80	141	140	119	24	173	199	111	60	49	189	97	130	127	176	75	168	194	165	73	87	162	88	196	126	41	26	147	49	72	0	193	173	148	167	197	98	31	187	154	58	111	96	132	195	48	182	136	110	117	150	
102	88	34	105	102	118	143	26	175	88	143	172	191	166	112	88	186	173	68	87	198	185	133	178	185	200	75	135	26	193	188	0	46	200	196	112	23	143	82	185	75	157	151	147	149	190	51	96	162	128	56	
185	92	124	96	122	58	64	86	115	196	129	89	131	192	156	123	113	40	160	60	41	38	170	62	29	104	148	118	136	23	87	174	0	199	172	185	65	152	151	109	182	32	148	184	68	33	139	103	20	169	148	
54	163	199	156	82	114	112	60	158	41	142	149	65	106	121	28	97	73	170	197	102	72	87	146	35	41	130	172	168	188	106	32	155	0	53	29	119	80	94	81	70	26	28	96	108	129	142	79	197	70	144	
22	153	135	72	147	125	127	179	114	124	85	129	119	196	103	35	185	155	116	56	26	173	162	21	99	120	40	171	108	135	86	195	60	34	0	68	45	33	147	71	138	116	49	105	170	42	68	139	196	155	177	
102	60	92	52	160	24	115	120	194	63	165	133	117	102	165	172	114	59	85	73	143	140	105	41	154	57	106	122	78	140	27	62	170	135	156	0	174	142	121	116	139	72	98	190	35	31	182	90	69	30	196	
153	184	115	100	58	83	115	132	122	71	148	34	129	150	54	108	114	81	155	171	91	187	178	166	32	158	88	86	21	184	159	41	74	44	121	73	0	170	144	159	195	152	179	51	60	161	170	163	199	193	167	
150	94	100	173	37	113	144	101	30	92	103	159	165	23	197	113	123	200	31	118	34	46	138	84	75	109	197	192	150	36	55	61	20	23	198	66	41	0	113	149	120	26	88	187	155	164	88	145	151	142	156	
195	186	27	71	124	21	66	52	87	181	74	63	116	130	32	136	33	88	81	198	170	21	33	52	173	67	92	53	150	27	176	92	178	129	163	65	155	96	0	83	60	189	140	147	107	185	135	42	170	126	55	
36	182	28	86	114	34	25	52	25	174	89	20	164	176	117	140	173	83	50	155	189	67	139	113	174	150	155	101	26	76	116	26	126	183	122	61	67	176	23	0	191	183	137	188	85	170	175	127	48	50	82	
111	48	109	172	29	58	118	67	184	150	106	160	126	94	41	96	174	167	193	66	151	25	64	89	144	70	79	171	59	35	105	140	84	136	197	21	180	123	170	137	0	25	190	87	199	186	43	107	25	196	177	
113	116	70	119	173	78	102	154	50	58	35	134	169	185	139	199	99	200	52	64	142	139	199	25	115	41	63	132	147	26	54	160	169	96	48	54	165	85	49	69	123	0	162	114	133	100	127	102	26	173	75	
102	156	166	137	154	36	122	72	39	117	196	85	163	191	150	64	118	87	113	99	158	175	40	106	192	67	163	33	165	49	60	191	61	156	176	34	71	116	36	100	106	131	0	172	139	53	98	63	77	194	135	
193	61	91	43	22	67	123	33	176	175	26	30	195	189	154	127	163	75	197	81	37	91	113	154	138	138	58	166	32	123	44	79	55	28	156	169	149	88	70	47	161	30	51	0	149	107	39	195	33	102	137	
26	139	135	51	139	77	67	158	161	74	69	106	37	104	42	25	160	102	130	163	176	129	133	41	143	144	23	34	173	109	117	141	79	130	152	128	184	172	197	193	137	47	75	45	0	121	191	110	121	112	65	
45	179	98	71	107	165	94	123	158	122	161	188	142	153	88	79	119	38	89	160	156	176	119	68	54	154	120	185	51	188	71	83	30	93	35	159	158	100	166	161	58	175	89	159	168	0	165	140	76	165	168	
47	129	132	45	112	30	26	46	69	97	132	71	38	63	192	147	172	122	167	97	89	115	157	132	103	107	184	107	42	193	98	185	64	59	94	33	102	129	154	165	57	91	145	157	70	100	0	33	49	173	124	
143	184	95	36	121	179	68	142	148	76	188	91	110	47	21	107	142	100	23	21	200	181	108	142	133	190	84	100	84	180	160	171	62	167	187	75	134	77	199	81	198	80	117	116	86	153	132	0	35	187	133	
136	23	106	149	118	117	73	113	65	185	146	145	114	107	102	33	178	76	54	157	110	96	174	176	186	88	42	89	188	137	21	196	189	188	83	78	188	74	151	58	137	36	115	70	43	190	23	38	0	136	123	
70	194	79	124	100	123	42	129	59	138	104	29	178	93	60	142	197	99	106	60	176	190	137	116	121	149	195	100	40	117	149	38	126	135	188	61	158	153	26	86	92	115	166	27	107	69	92	62	188	0	120	
135	143	123	67	142	20	176	39	53	149	114	61	143	198	128	143	51	167	171	172	93	83	180	64	34	31	21	106	25	61	50	87	41	125	178	23	131	144	45	125	84	192	186	105	93	41	183	152	31	82	0	
