0	68	69	119	62	83	125	96	121	197	30	126	157	174	40	148	57	24	55	144	25	23	194	197	80	146	118	158	81	163	103	56	188	185	45	53	90	29	39	156	64	127	127	99	39	22	89	146	173	103	118	
161	0	72	181	133	73	74	63	54	188	157	160	199	195	53	139	30	58	148	90	180	79	77	168	108	164	83	58	107	168	88	134	136	183	35	35	49	60	76	122	179	30	167	86	187	36	46	177	172	172	29	
47	56	0	143	65	185	128	154	25	52	131	50	28	107	153	194	187	105	115	40	143	197	51	80	178	165	113	93	72	22	36	148	102	98	37	71	153	163	85	108	158	187	67	30	33	64	56	40	74	165	161	
138	22	176	0	30	142	62	96	58	51	46	129	187	28	166	80	45	193	172	105	123	40	196	195	35	197	183	112	92	24	106	109	25	109	100	75	185	124	188	30	135	59	143	84	198	40	155	178	110	132	100	
167	106	119	172	0	177	196	190	141	103	170	101	109	151	121	27	67	188	145	59	172	138	167	78	186	124	149	173	165	57	56	57	186	107	38	168	113	189	101	185	199	100	111	22	105	152	71	121	140	200	88	
170	20	48	137	176	0	161	172	175	169	164	27	146	181	30	50	165	113	122	65	62	136	183	152	126	67	37	87	89	110	172	153	141	75	58	130	137	148	64	178	59	90	108	81	135	115	68	28	41	118	152	
190	42	138	45	120	67	0	194	98	190	63	29	67	193	189	30	176	123	184	83	143	155	138	40	110	64	184	86	197	112	164	38	172	134	32	112	132	92	181	137	187	62	123	22	63	180	94	43	26	145	81	
74	106	62	86	99	95	72	0	189	22	82	46	48	185	27	64	119	82	53	115	89	94	142	176	181	171	155	67	134	119	167	136	43	155	188	112	89	133	62	165	59	129	49	188	135	151	68	193	49	129	127	
155	171	194	197	169	44	196	103	0	141	46	192	183	56	111	96	78	29	80	185	198	136	41	72	29	149	135	25	189	109	107	36	157	105	92	189	34	73	127	100	30	50	103	100	98	136	139	156	80	159	100	
190	137	35	183	190	183	192	121	29	0	188	128	48	58	67	198	100	91	58	148	35	145	163	34	59	143	34	85	26	66	132	102	166	98	69	27	23	31	116	137	48	199	163	162	68	111	33	196	185	143	177	
33	81	131	71	47	140	68	87	158	157	0	53	149	91	179	37	96	112	140	30	134	126	36	111	54	86	188	93	120	77	196	99	77	115	145	192	125	172	81	84	74	86	89	93	42	75	65	169	159	60	120	
133	188	168	157	99	135	141	44	65	147	41	0	180	183	91	48	21	166	106	191	21	107	45	54	179	118	146	109	138	37	30	132	193	110	139	85	84	167	99	123	177	121	135	196	49	105	111	27	164	115	27	
101	180	148	116	89	171	90	70	63	59	141	54	0	24	22	90	55	48	58	33	188	57	103	119	85	114	187	107	185	128	143	154	100	125	31	196	175	37	193	115	112	107	194	107	141	35	63	54	21	79	83	
118	184	22	51	179	150	58	119	69	70	44	28	151	0	20	56	54	145	159	131	162	60	22	146	127	171	63	102	81	99	172	133	77	56	86	195	31	149	144	84	121	105	90	136	188	189	109	88	104	134	33	
148	143	122	151	35	107	169	157	154	65	200	46	44	62	0	132	98	32	37	190	168	88	152	118	61	180	60	182	147	62	164	20	165	75	26	180	113	192	187	200	91	144	95	26	154	71	47	66	131	38	107	
149	24	90	114	130	62	147	30	61	64	25	64	172	117	76	0	160	85	34	89	140	72	198	131	79	61	163	24	126	177	61	138	70	58	118	188	138	102	167	122	108	200	127	117	156	129	23	162	32	186	23	
45	137	52	147	41	78	52	186	77	88	79	45	81	65	139	55	0	24	27	177	43	94	93	74	92	127	30	27	194	73	74	91	64	171	25	44	193	196	135	52	146	177	150	117	146	77	196	126	179	103	180	
49	42	143	144	36	32	199	183	72	49	113	77	183	122	76	96	68	0	118	88	139	40	74	31	113	148	195	27	54	85	74	75	38	198	163	139	135	63	115	117	109	64	167	50	182	108	126	78	96	69	24	
80	111	142	97	59	188	170	54	64	89	188	197	151	184	83	144	22	132	0	181	74	95	49	51	42	34	104	23	166	98	85	124	94	89	162	174	113	25	60	92	104	58	141	175	107	196	154	195	153	132	22	
25	170	161	82	121	40	130	38	78	198	49	76	162	26	111	139	125	43	77	0	166	99	160	69	181	125	187	147	89	157	61	135	80	74	200	125	160	64	153	65	151	124	160	97	83	82	149	82	42	154	143	
193	125	142	42	119	189	190	148	108	80	140	37	161	142	40	192	146	185	156	54	0	110	131	193	125	47	32	103	44	132	118	82	79	45	108	34	30	193	88	187	114	127	102	148	103	192	88	189	50	63	136	
185	115	20	38	115	142	59	78	71	115	169	100	197	51	168	85	123	81	104	77	145	0	122	27	174	68	87	196	186	185	153	52	65	152	105	187	124	88	123	127	64	77	118	49	121	115	145	97	194	24	187	
125	107	177	32	176	22	136	176	151	40	138	189	49	122	110	114	121	145	23	137	156	114	0	38	93	154	42	41	94	177	79	104	53	41	124	22	23	134	52	174	59	93	108	84	23	136	104	43	69	63	176	
24	20	80	175	44	79	21	90	79	172	148	80	130	83	53	182	97	48	68	198	139	106	41	0	198	36	73	53	117	165	23	95	194	186	123	25	164	28	44	96	101	134	137	141	112	122	60	100	49	47	60	
29	83	183	63	144	172	95	93	35	23	163	123	34	82	77	113	161	141	20	55	97	65	42	37	0	80	41	167	48	130	135	61	99	184	129	24	140	148	163	53	184	57	24	131	86	85	24	79	169	44	180	
95	118	131	183	100	152	41	105	104	64	55	107	62	69	191	177	176	157	179	101	134	30	35	194	81	0	163	93	55	54	52	191	102	170	71	50	54	20	72	112	112	152	166	114	81	26	93	61	148	150	182	
117	199	149	178	66	66	66	157	113	186	46	34	67	146	41	65	118	93	98	182	110	130	140	35	193	55	0	166	20	169	197	136	129	111	31	139	103	175	67	143	123	113	46	131	59	107	75	181	183	98	84	
71	112	80	142	47	56	99	111	75	53	33	21	197	120	42	192	170	114	108	109	39	199	88	183	123	35	158	0	124	52	105	186	138	198	122	105	98	42	89	55	111	86	160	41	189	50	179	127	20	161	59	
70	29	118	124	38	162	49	172	145	184	82	85	190	70	29	188	167	24	32	95	159	171	145	74	146	87	163	141	0	111	67	126	52	65	78	45	68	171	148	136	98	50	128	70	164	195	83	114	35	48	169	
155	86	69	93	176	62	52	71	181	158	146	98	99	171	184	187	24	63	66	173	108	197	126	166	162	151	192	49	145	0	119	185	111	57	116	174	105	128	105	169	40	106	157	69	199	103	194	35	185	100	194	
55	178	162	84	59	174	72	194	109	112	26	120	40	84	195	138	109	20	69	39	81	50	84	71	190	137	163	108	26	60	0	37	123	113	102	182	38	181	146	154	128	73	50	97	198	124	177	123	90	194	72	
145	89	136	67	49	118	126	196	183	120	161	81	158	95	62	193	79	110	180	151	164	135	176	154	129	123	95	117	64	21	41	0	160	38	198	186	125	143	35	29	84	57	166	147	73	48	189	183	100	177	197	
37	150	63	184	95	141	171	71	156	192	193	86	86	52	101	107	178	173	86	164	61	40	174	198	90	168	25	149	59	178	22	148	0	97	48	137	57	35	116	189	27	140	40	129	41	96	173	187	38	71	140	
47	60	86	192	170	142	151	167	119	170	187	132	123	105	106	147	79	145	87	123	91	135	98	198	112	51	79	80	143	151	159	53	110	0	31	132	131	70	96	66	24	180	102	187	48	124	163	93	194	104	118	
165	111	182	188	20	82	49	94	145	72	185	40	173	196	145	193	180	165	35	198	157	23	37	139	137	29	96	74	43	110	125	177	182	119	0	200	63	144	171	59	135	52	114	32	94	52	48	90	108	174	80	
147	189	34	82	60	118	146	59	64	81	148	34	53	167	82	151	30	32	51	72	144	165	71	90	89	179	43	161	97	110	76	118	61	98	70	0	22	136	115	146	83	125	173	20	57	143	24	98	88	109	22	
145	75	106	103	76	87	141	184	117	107	173	124	151	198	153	73	183	51	147	195	101	142	67	104	127	175	124	61	157	197	54	188	117	33	35	108	0	136	190	74	63	157	81	59	170	28	78	175	73	138	31	
122	20	72	188	116	185	188	111	181	54	44	50	60	93	157	97	130	25	61	137	109	105	189	24	49	193	160	109	130	152	50	56	77	128	150	125	102	0	129	151	85	166	170	168	27	169	92	41	53	194	151	
81	111	170	165	117	51	51	103	67	42	105	60	49	173	79	187	70	78	122	114	137	183	134	135	186	143	120	54	84	150	90	51	123	118	20	23	44	27	0	137	58	73	57	149	156	154	143	178	187	143	157	
152	76	54	131	189	75	37	194	161	120	130	157	48	132	36	149	175	153	100	83	56	58	182	22	196	20	23	158	198	49	53	99	79	142	173	23	200	135	110	0	125	89	58	49	107	125	193	46	192	136	182	
127	106	53	131	91	63	39	179	192	150	122	181	56	26	131	200	115	184	103	149	192	84	145	105	95	170	64	182	166	119	116	114	141	160	114	21	150	100	61	82	0	96	55	154	94	58	174	87	51	55	180	
70	67	92	155	147	57	36	35	106	103	195	155	91	143	111	66	150	187	199	147	32	103	129	118	108	136	172	117	164	158	162	35	174	78	126	142	116	198	147	139	38	0	143	130	129	162	157	142	101	58	136	
79	115	120	144	119	163	104	194	72	34	138	83	86	58	110	46	22	116	40	118	74	60	94	122	71	34	69	189	170	120	172	51	180	25	132	101	26	165	49	75	185	20	0	137	46	115	162	35	83	35	108	
48	103	94	196	94	74	178	91	178	190	53	163	152	124	58	79	76	189	136	158	60	108	40	177	36	179	31	140	194	72	129	27	84	29	67	62	74	151	127	134	181	24	78	0	33	68	100	157	59	32	50	
42	172	35	164	107	21	157	184	176	161	47	156	94	161	170	128	68	68	58	26	64	129	182	60	62	178	102	148	156	39	87	70	198	48	167	170	48	106	34	123	33	50	157	169	0	84	100	173	156	154	82	
53	155	147	187	198	174	123	82	94	137	58	46	113	38	81	195	64	124	99	74	105	169	110	58	133	26	104	57	156	59	176	33	95	185	144	92	79	62	58	151	56	49	72	138	148	0	192	196	42	75	158	
147	190	25	39	69	49	74	163	92	59	58	142	182	195	153	126	153	127	186	145	24	196	179	75	166	167	93	144	155	156	138	98	109	28	92	103	156	180	50	199	42	90	130	200	138	68	0	83	113	109	146	
125	167	180	133	159	30	40	117	179	24	43	60	118	164	183	89	184	178	143	181	179	190	174	100	166	134	63	200	167	41	52	137	65	187	20	193	26	82	36	140	29	33	33	76	182	72	59	0	41	196	191	
127	121	29	112	63	56	32	76	199	77	71	147	83	100	107	172	93	85	104	75	115	89	125	52	42	143	149	190	160	67	153	149	105	144	49	111	169	39	68	197	150	31	198	185	183	161	62	174	0	158	192	
114	173	133	174	51	188	150	121	135	192	37	91	194	161	139	60	151	83	146	26	82	195	49	126	193	101	79	180	175	197	90	112	134	88	176	50	52	109	170	145	173	112	66	141	50	146	23	68	154	0	194	
106	81	22	98	150	168	27	26	56	135	88	102	114	119	158	177	25	111	95	53	161	115	48	184	114	23	23	124	77	86	78	186	100	39	149	23	96	130	40	129	189	180	23	105	181	154	54	37	115	112	0	
