0	99	45	102	155	43	116	140	117	25	132	169	137	84	142	99	103	199	40	180	67	132	173	65	187	79	167	97	53	163	52	140	42	23	167	79	105	111	97	51	160	138	97	21	194	71	170	49	193	200	187	
32	0	176	75	34	134	50	101	42	21	122	178	190	24	149	140	108	90	184	34	72	95	154	180	124	36	90	52	123	192	111	136	46	80	198	143	32	73	159	187	48	137	133	49	88	93	93	25	105	29	110	
63	23	0	26	111	124	29	27	139	81	28	134	143	107	188	45	144	44	49	129	84	181	59	52	88	155	137	46	34	67	198	114	129	46	27	24	91	57	154	177	194	77	122	35	135	155	171	94	165	45	117	
84	140	31	0	32	99	134	30	89	198	128	187	66	149	61	184	194	94	166	88	129	45	157	132	74	109	185	85	36	124	161	120	189	120	111	80	61	177	200	145	118	101	155	41	180	90	31	23	101	57	62	
107	41	138	169	0	152	68	179	128	55	36	175	173	51	153	111	176	127	118	90	25	122	109	103	106	179	107	128	148	23	89	126	116	143	192	99	131	77	113	165	135	130	42	161	88	110	54	40	86	168	200	
100	145	60	82	62	0	88	168	114	74	61	93	69	80	110	38	183	195	163	151	131	94	99	57	86	197	116	172	192	100	188	91	153	92	34	109	117	92	95	25	101	75	174	173	179	112	137	69	29	134	35	
150	81	136	158	171	47	0	58	46	122	181	122	139	145	93	35	76	79	144	84	181	55	36	91	27	121	47	96	63	177	63	99	80	103	138	161	160	178	96	138	173	140	29	122	29	184	144	144	161	183	138	
187	144	22	59	158	147	20	0	80	162	125	133	147	20	169	155	185	48	99	155	112	96	102	119	199	183	86	43	41	167	121	21	183	59	153	169	102	139	150	165	93	54	122	122	26	157	175	109	78	52	35	
143	40	85	130	37	67	192	77	0	139	45	173	44	132	30	156	155	110	88	71	148	187	145	156	102	98	84	100	123	106	139	123	74	152	115	35	139	193	55	168	199	134	92	117	74	166	162	171	55	127	181	
193	25	35	163	36	190	98	151	163	0	20	75	60	181	199	28	49	62	162	37	191	96	198	164	76	175	96	163	171	56	115	151	172	119	25	98	150	107	93	45	176	113	94	143	31	65	158	87	70	26	90	
124	153	160	176	132	177	33	168	83	93	0	175	137	59	181	34	125	107	75	79	107	154	28	118	178	172	96	84	115	172	195	32	151	136	93	123	159	131	142	42	111	92	150	63	141	20	134	145	165	66	170	
169	171	106	74	102	34	83	102	148	78	195	0	94	73	165	196	49	200	93	185	72	51	39	176	175	125	175	157	192	156	38	155	191	184	57	79	170	62	91	25	57	49	101	188	84	85	108	70	135	162	43	
37	154	111	35	163	176	114	177	71	138	73	95	0	121	167	99	147	199	147	58	58	62	163	135	164	33	179	38	185	27	43	117	96	70	85	123	47	148	31	20	63	50	79	141	151	172	112	136	81	34	161	
75	113	77	180	42	106	146	87	82	37	132	45	72	0	115	97	169	86	200	62	137	91	39	140	105	100	166	105	139	166	168	123	180	107	141	87	96	191	136	28	159	189	171	112	48	74	88	194	106	200	58	
187	116	173	52	171	173	120	66	103	85	58	126	113	65	0	105	118	58	121	66	131	127	32	23	169	184	140	47	155	120	175	122	109	94	96	192	194	189	38	153	152	134	76	75	39	198	55	154	162	130	182	
164	59	118	27	123	32	112	97	27	142	61	116	59	36	153	0	51	127	67	34	138	47	105	120	60	50	94	73	27	150	95	163	186	178	91	134	68	53	106	117	23	83	45	143	45	115	112	197	80	33	178	
38	162	79	29	147	104	53	181	95	76	68	138	47	151	134	30	0	36	80	36	163	33	123	101	192	177	145	31	99	39	27	110	128	150	24	70	90	180	193	199	78	154	47	89	194	66	198	120	54	193	86	
103	144	124	172	161	188	170	45	65	194	37	31	95	98	185	159	193	0	21	185	80	136	53	198	22	53	94	33	50	55	55	124	154	185	47	145	99	46	79	159	49	103	22	69	48	138	34	123	45	176	119	
116	79	37	48	93	125	44	56	101	193	58	108	85	38	79	48	74	89	0	72	107	86	66	84	25	190	135	107	139	92	38	198	113	126	100	171	193	68	196	108	115	176	22	126	88	167	127	172	112	168	177	
148	152	92	200	106	194	63	63	197	143	23	173	191	75	101	168	179	84	119	0	43	27	131	91	186	43	47	165	83	49	200	154	72	148	125	113	133	38	95	65	55	136	71	93	90	95	99	142	95	185	100	
176	116	32	34	193	87	66	94	30	63	34	157	98	112	152	44	87	173	79	43	0	84	118	72	147	111	103	157	36	194	89	157	62	149	42	124	100	166	142	194	150	194	177	66	191	54	89	183	152	184	180	
96	138	175	158	49	24	41	128	190	174	71	152	28	90	183	107	156	24	66	99	34	0	93	118	167	67	126	117	119	172	179	195	161	95	75	169	126	76	40	34	118	147	149	81	60	51	73	65	66	143	192	
140	114	163	145	156	42	174	149	157	99	157	95	38	192	193	85	59	33	60	179	128	169	0	192	84	57	115	104	82	122	172	79	112	141	70	85	30	200	29	111	158	149	118	151	187	140	23	88	113	62	196	
147	157	191	142	96	135	71	129	136	106	170	79	157	148	146	200	46	165	177	28	54	57	178	0	194	67	90	42	168	35	120	188	73	198	94	76	36	125	83	101	87	108	194	137	137	127	39	137	132	175	191	
55	24	95	95	136	49	48	44	140	157	38	78	34	47	40	148	195	64	165	63	110	128	164	102	0	197	28	153	179	190	146	28	72	73	168	111	171	175	200	112	193	200	79	192	183	72	173	124	199	138	37	
155	70	162	29	120	68	30	151	83	45	146	132	173	165	107	194	44	78	135	199	30	124	100	188	155	0	34	79	56	52	109	58	62	27	44	54	182	90	186	133	166	33	111	68	30	21	56	175	138	37	165	
93	176	152	67	67	189	113	23	163	49	50	43	109	26	49	195	66	82	64	187	87	108	106	189	189	141	0	41	166	74	23	85	50	53	74	106	161	65	198	166	60	185	131	127	94	107	198	134	94	133	121	
82	171	133	106	166	161	185	37	40	138	155	125	80	88	48	197	79	119	115	116	119	153	146	108	193	152	147	0	83	88	175	150	165	81	117	82	143	189	42	127	44	24	172	150	26	91	176	103	172	144	28	
140	142	40	122	71	34	36	163	172	199	98	191	137	170	161	159	72	47	126	81	20	63	20	43	31	59	145	50	0	59	131	186	105	197	53	145	93	116	138	66	87	140	115	166	78	89	118	165	188	105	59	
166	184	123	53	114	164	198	84	47	164	175	130	47	144	43	171	178	121	187	67	116	72	46	142	142	139	55	181	28	0	41	182	195	145	113	36	34	188	155	76	122	163	92	140	146	83	82	189	189	109	48	
135	174	103	130	174	179	159	185	76	22	176	95	107	183	79	82	195	117	50	174	23	125	58	42	119	136	129	82	104	50	0	149	125	185	125	182	48	127	51	24	169	175	138	155	99	70	178	31	139	145	49	
162	120	196	160	96	62	42	123	152	102	84	127	93	54	144	97	45	59	75	76	111	143	21	162	24	37	183	67	185	134	127	0	65	54	152	197	86	171	27	197	162	30	67	92	22	145	61	95	200	77	115	
58	41	121	79	94	118	163	143	70	93	82	92	166	158	45	163	23	191	124	199	67	160	107	77	88	108	173	30	61	137	23	111	0	56	42	60	96	179	81	36	41	121	72	55	90	114	113	110	23	161	54	
20	35	97	107	169	120	42	47	82	123	65	162	45	149	101	95	176	191	76	71	89	113	83	104	186	184	102	142	64	54	98	180	108	0	108	80	174	82	194	176	69	61	188	60	109	27	127	85	159	41	196	
170	169	56	195	46	64	29	190	129	98	149	95	132	46	101	94	111	122	125	110	164	120	148	105	89	80	184	101	139	23	22	139	67	138	0	39	125	28	41	187	60	58	199	38	65	157	186	135	69	149	39	
96	63	186	147	197	185	120	100	90	142	166	139	93	112	156	175	177	159	148	99	135	124	23	159	58	26	114	150	142	29	152	21	88	167	38	0	56	83	168	111	181	101	60	136	152	133	181	152	75	186	162	
121	85	71	107	152	177	104	112	133	134	169	189	97	91	56	31	96	94	123	71	124	63	114	79	68	187	87	162	31	76	21	116	60	20	94	179	0	161	161	45	140	173	121	23	58	24	154	139	191	155	170	
96	177	114	90	175	111	55	194	180	167	107	114	53	124	67	183	156	65	71	82	180	172	70	145	49	90	142	183	131	149	120	144	121	166	134	142	53	0	157	151	57	85	104	66	33	193	103	37	141	53	191	
73	194	103	34	173	70	135	124	65	92	78	80	23	152	136	103	38	54	120	32	130	116	126	135	40	199	152	60	62	191	190	157	71	32	154	151	38	129	0	41	43	88	188	25	42	81	69	133	20	130	90	
106	40	189	100	175	86	94	172	113	58	148	122	41	150	177	172	197	72	54	61	124	116	156	46	152	148	77	115	90	84	58	182	75	66	65	98	46	175	123	0	131	174	38	163	199	82	58	168	45	69	116	
49	109	123	116	144	141	74	46	52	43	123	95	99	133	173	156	195	133	108	155	153	183	200	56	189	199	163	64	67	155	86	172	106	68	161	112	181	92	155	87	0	140	194	142	105	136	38	66	66	25	133	
138	125	147	69	85	197	21	124	87	32	54	170	128	166	155	184	164	44	117	199	167	172	84	58	91	187	136	27	46	114	155	133	29	129	37	187	57	177	146	52	59	0	193	54	133	56	37	163	119	44	61	
120	140	159	104	66	141	60	57	118	55	195	92	198	165	180	157	161	127	127	72	69	35	90	76	98	97	157	119	178	123	117	185	50	58	109	157	129	70	72	200	179	101	0	137	28	119	187	122	191	118	147	
117	193	106	40	176	193	181	160	200	112	61	79	109	198	148	71	157	68	197	194	104	142	191	45	100	96	164	56	83	113	23	157	107	93	163	117	152	152	174	192	156	106	169	0	51	24	122	137	182	171	59	
131	137	145	199	100	137	36	20	122	97	70	31	174	199	193	165	173	71	146	73	134	138	63	185	93	144	149	191	185	61	69	102	195	130	128	26	74	64	49	158	74	81	75	91	0	43	69	118	192	46	81	
157	59	121	199	119	84	147	50	199	161	96	133	195	126	123	198	76	96	168	49	147	93	98	63	151	169	27	63	27	131	22	104	58	68	63	140	92	161	23	89	140	95	178	179	109	0	94	36	132	126	154	
22	191	39	170	27	173	167	139	169	152	188	27	164	36	175	24	200	102	45	58	188	117	149	120	169	160	136	123	143	36	45	64	59	27	61	178	153	98	153	193	186	93	26	156	80	114	0	104	141	138	186	
199	118	85	122	75	42	193	168	66	107	116	24	62	168	193	129	163	72	165	55	153	120	89	136	105	127	135	84	110	32	105	84	120	142	166	124	33	97	135	75	72	107	150	140	114	46	33	0	134	195	192	
124	175	108	75	128	148	173	22	176	50	37	37	97	25	123	172	177	131	141	111	149	124	38	68	70	139	50	51	27	67	74	85	41	117	164	130	47	47	144	129	113	100	67	55	142	129	184	61	0	23	141	
115	162	124	118	28	116	116	41	48	166	131	88	165	82	33	179	111	47	27	99	41	183	180	156	86	59	71	181	166	167	133	180	185	195	99	103	68	184	143	189	185	175	144	100	80	31	171	97	130	0	186	
35	177	168	95	159	54	174	106	62	161	94	108	54	34	55	47	179	193	161	39	130	78	44	59	89	126	61	58	186	57	150	103	126	150	58	186	95	29	55	33	136	104	107	89	184	108	86	58	141	74	0	
