0	125	61	55	123	167	109	189	58	73	140	157	96	181	187	164	164	66	120	198	63	63	191	157	171	168	77	44	132	97	115	114	34	54	199	165	23	172	131	150	61	129	184	127	154	139	196	43	196	113	155	
47	0	152	170	30	142	77	55	75	41	48	103	79	195	48	92	136	141	168	115	184	43	95	46	86	143	188	192	77	41	82	134	58	169	166	79	149	190	132	191	68	20	108	187	197	74	109	29	89	197	84	
151	101	0	137	21	44	143	40	58	126	60	146	34	100	61	112	106	179	67	174	30	31	61	38	89	32	168	36	171	78	76	82	86	54	173	65	177	166	163	130	23	54	86	171	112	40	23	108	81	98	36	
147	124	163	0	36	114	34	32	139	61	39	67	123	30	101	182	81	192	123	108	41	90	120	196	25	139	52	156	198	59	53	40	184	96	188	174	179	39	191	198	40	48	124	114	144	135	168	119	61	127	136	
180	192	62	128	0	183	118	161	58	73	50	189	178	182	65	114	30	174	79	136	98	200	46	82	84	84	51	120	67	85	106	184	38	141	46	165	121	199	197	195	180	136	22	130	102	110	62	70	154	197	135	
79	64	175	186	26	0	38	179	88	69	95	37	128	164	59	74	21	63	163	184	37	191	106	21	73	26	114	121	121	42	110	193	115	101	158	132	173	62	195	125	125	113	63	85	166	183	118	30	108	196	43	
169	118	117	78	123	93	0	61	172	23	162	82	155	58	112	83	152	130	187	187	172	28	88	161	161	40	89	89	56	87	124	167	147	115	76	24	56	79	159	38	58	165	171	198	53	79	105	137	55	134	75	
123	157	196	61	37	43	102	0	77	197	90	92	195	72	24	151	94	153	177	64	132	77	130	149	152	28	101	152	93	138	142	103	38	173	142	98	87	29	148	143	53	73	50	167	199	54	61	142	169	189	191	
132	192	100	111	126	136	181	25	0	131	110	42	126	119	104	134	89	83	178	29	152	115	73	84	105	180	156	101	143	22	150	186	194	146	158	85	118	148	39	183	90	46	93	49	192	198	189	61	155	68	23	
172	192	153	30	93	92	162	125	51	0	161	173	178	88	151	122	113	179	84	104	123	100	88	181	161	104	72	154	193	175	47	82	180	70	143	168	135	193	151	48	139	200	198	41	90	199	179	70	178	137	149	
64	42	20	182	114	33	158	170	41	157	0	91	60	131	61	81	20	37	165	35	144	186	196	140	45	52	130	78	160	57	144	71	182	132	114	132	159	152	125	113	187	106	88	83	162	104	116	87	67	194	39	
194	199	81	99	172	26	134	84	182	113	147	0	56	158	69	149	99	122	184	97	148	176	154	56	22	40	34	95	97	138	174	103	61	145	38	82	83	58	53	102	81	125	80	191	119	34	60	183	197	69	148	
55	120	175	53	188	123	96	59	37	64	42	47	0	21	135	78	158	33	26	163	188	75	180	52	46	36	105	43	59	144	98	107	149	192	136	181	33	21	113	41	181	113	179	92	166	107	101	47	161	150	156	
115	144	47	173	76	97	132	77	170	54	175	73	145	0	108	184	23	92	127	61	185	42	83	119	184	31	58	103	126	71	23	120	181	37	121	37	172	111	65	198	59	120	50	189	112	167	160	154	111	171	190	
160	158	141	129	146	187	50	65	161	47	97	148	69	82	0	22	38	106	138	123	139	108	132	151	46	158	197	39	185	28	65	176	74	106	125	161	177	35	46	20	71	76	28	189	192	118	59	192	91	58	194	
54	65	90	199	154	52	108	82	83	104	24	115	165	196	63	0	56	27	77	147	69	39	95	197	181	39	111	170	147	76	81	91	72	167	198	73	162	40	160	137	195	65	44	93	156	82	176	163	175	114	199	
189	127	119	193	31	39	152	163	98	69	31	62	42	49	153	76	0	163	147	171	109	134	57	43	181	138	166	110	38	138	111	34	32	70	76	96	55	150	85	183	53	170	35	168	120	133	129	105	106	73	42	
31	170	78	184	173	91	92	118	167	23	82	90	164	68	85	53	136	0	84	158	45	27	118	63	137	48	23	127	162	85	42	56	177	192	78	196	55	195	134	44	127	166	76	173	177	153	131	55	83	188	180	
149	143	56	195	91	153	59	184	155	23	98	44	67	52	176	189	96	101	0	53	169	42	96	145	105	84	107	187	84	139	98	38	184	29	34	134	169	139	120	113	128	151	184	114	144	54	186	146	138	100	123	
20	122	136	124	75	104	59	70	126	58	71	186	123	200	159	143	123	25	75	0	47	25	88	47	169	130	136	120	31	124	87	100	111	134	61	86	69	80	141	51	88	133	165	57	149	42	46	48	148	68	126	
37	36	113	112	198	129	104	34	183	99	148	20	83	198	57	131	34	47	158	29	0	165	163	87	91	105	28	190	24	167	49	77	77	35	84	40	114	42	105	103	50	42	144	120	173	157	119	49	174	133	80	
127	128	68	114	118	169	107	116	174	105	192	189	52	190	144	116	46	159	61	65	153	0	64	37	110	54	58	88	165	189	118	35	148	154	199	69	172	112	156	165	119	174	62	187	58	20	74	200	55	59	65	
174	167	113	44	119	34	196	69	137	184	180	51	54	106	79	118	72	179	159	37	39	170	0	179	192	200	35	135	186	81	130	119	138	155	159	152	160	54	182	97	59	140	85	102	154	32	188	31	89	20	105	
141	154	106	75	169	97	89	101	195	157	37	130	114	136	106	97	183	20	34	136	88	123	81	0	20	127	143	41	110	195	180	32	53	92	113	177	63	163	36	117	47	101	66	157	164	118	103	69	193	58	145	
68	103	82	174	164	67	101	199	65	28	85	80	31	141	64	94	180	116	134	155	142	81	182	126	0	64	187	42	143	38	179	182	29	137	99	55	96	27	142	69	138	72	90	21	178	144	60	27	21	157	88	
145	128	122	42	117	53	104	126	52	77	26	151	172	61	41	77	22	129	174	136	127	68	144	42	133	0	144	70	130	188	62	132	33	173	100	118	101	76	117	46	41	134	33	170	21	99	48	185	108	68	32	
194	98	137	191	100	132	120	96	106	44	83	71	200	46	155	57	169	61	95	55	177	159	62	191	161	93	0	149	130	70	54	53	95	100	103	30	109	76	84	151	175	65	194	63	176	118	143	84	139	20	153	
39	27	91	41	137	20	167	56	141	125	74	24	92	35	85	158	150	159	58	96	175	176	32	144	122	135	32	0	195	147	95	176	61	157	170	63	150	159	101	167	22	183	170	30	139	171	101	149	162	25	84	
190	80	188	121	90	47	25	188	160	73	182	55	90	171	41	192	106	30	77	188	66	144	104	156	20	165	177	52	0	121	90	69	103	41	33	174	156	92	115	29	149	156	39	95	73	31	146	185	104	164	142	
137	35	21	118	195	99	122	102	145	178	96	33	71	30	82	83	102	133	190	136	26	165	156	78	126	80	88	82	130	0	85	170	129	174	86	104	164	192	27	28	85	196	190	196	119	95	72	138	51	140	137	
161	114	166	76	48	190	91	66	137	77	102	36	147	23	33	32	175	66	109	78	153	154	156	141	186	98	142	40	61	134	0	197	161	25	63	93	89	66	185	103	123	23	34	168	82	175	52	35	140	178	69	
31	116	74	73	122	137	49	74	46	57	72	188	50	180	183	196	22	44	154	61	80	171	156	43	144	34	39	121	42	79	109	0	189	134	106	89	91	171	84	58	188	142	41	77	143	56	94	141	82	61	180	
100	68	199	96	159	91	111	161	194	72	195	160	35	114	27	172	112	124	119	27	172	163	167	139	107	99	110	82	178	192	118	128	0	85	93	131	107	95	174	54	200	52	166	69	73	153	54	131	165	57	70	
37	170	199	174	189	119	81	112	81	84	168	65	32	131	177	178	132	58	114	97	102	39	124	161	44	30	179	187	21	174	83	163	102	0	39	188	117	150	81	156	193	127	68	66	120	116	129	70	175	181	79	
136	43	83	83	42	68	188	144	38	152	77	179	170	115	122	41	138	21	161	115	38	190	141	144	91	96	110	157	115	172	77	171	134	93	0	27	38	58	44	92	27	67	35	101	114	95	101	193	173	121	144	
130	199	145	56	150	20	34	52	177	74	59	58	121	198	93	169	180	91	64	150	194	73	171	135	153	154	174	172	142	46	81	199	155	130	106	0	181	35	108	75	160	131	47	176	43	32	119	195	185	150	143	
102	154	76	59	110	46	161	140	71	65	90	34	44	83	58	53	196	129	21	166	183	169	155	184	89	129	81	73	149	77	91	180	191	106	63	157	0	197	141	125	141	173	154	164	120	194	104	46	123	104	138	
126	135	111	193	126	31	173	177	99	155	187	51	127	139	26	51	146	168	45	26	177	150	119	87	71	55	82	168	159	35	98	133	198	133	165	85	56	0	102	109	195	159	48	128	156	175	183	161	147	47	81	
82	113	157	194	94	180	160	102	62	100	118	49	61	49	174	125	198	134	54	198	193	132	36	157	101	81	186	119	170	109	46	126	27	161	121	118	170	155	0	185	196	53	184	125	64	28	21	36	177	102	167	
132	126	165	77	159	68	55	85	57	126	103	141	45	150	128	37	187	150	56	77	99	59	149	126	81	189	36	72	153	44	170	155	76	95	63	141	78	129	36	0	159	141	80	184	110	126	125	94	158	56	53	
166	84	168	79	22	53	113	91	21	32	61	54	43	134	72	80	47	24	47	186	151	146	168	193	186	25	66	159	65	171	25	136	191	156	48	65	167	104	67	199	0	127	42	168	63	66	172	114	131	79	74	
126	164	24	76	24	65	122	26	166	189	173	24	57	141	71	109	79	38	123	72	121	56	151	199	73	69	151	20	186	183	197	39	46	163	121	193	31	140	76	44	137	0	80	151	190	166	161	110	180	85	162	
175	173	188	157	116	65	188	159	133	75	121	95	106	34	27	41	33	122	186	122	81	66	196	136	80	113	117	161	49	29	37	176	23	53	80	31	177	34	145	131	169	37	0	53	100	87	109	192	147	64	64	
171	162	33	69	42	21	84	147	83	81	175	136	32	139	36	195	85	165	195	25	144	71	106	140	185	20	130	42	29	90	156	55	129	86	29	187	49	84	78	95	71	171	117	0	168	137	139	191	105	135	181	
93	32	179	72	146	85	64	173	33	79	66	98	115	172	38	131	188	198	142	188	100	154	131	100	54	106	97	36	149	173	112	125	68	179	24	171	123	178	73	140	77	94	157	68	0	74	55	42	81	173	141	
183	44	149	88	50	106	142	152	178	169	96	135	194	181	131	90	181	158	82	168	70	115	118	61	160	104	88	112	91	95	190	78	21	120	68	78	194	191	179	136	61	103	188	114	164	0	62	45	121	149	152	
185	123	61	130	184	26	125	22	145	49	180	116	56	73	148	68	188	170	31	99	34	53	131	153	27	83	29	81	44	101	180	136	116	78	22	51	195	126	159	162	29	158	86	62	113	45	0	32	97	43	130	
144	51	120	107	103	38	193	86	139	87	140	103	185	78	162	92	118	152	102	110	158	72	145	126	53	52	198	24	127	24	186	68	122	83	110	72	44	132	185	155	92	85	199	186	136	104	167	0	174	69	122	
71	171	126	140	34	47	79	140	106	89	124	198	89	198	120	153	38	148	170	32	34	83	28	172	75	174	144	164	160	65	186	90	162	198	180	187	180	45	151	97	102	170	134	99	55	110	110	110	0	195	52	
147	76	152	149	166	153	132	23	45	111	123	162	105	81	62	154	54	100	80	115	159	133	28	81	122	77	105	70	78	72	149	143	70	187	138	80	198	114	198	58	117	189	167	122	94	52	122	140	97	0	147	
143	191	48	49	79	140	100	39	177	194	97	129	175	66	36	29	162	47	183	135	184	162	29	112	27	56	54	159	91	143	145	72	27	83	180	49	186	195	184	193	188	35	69	80	188	144	119	116	47	81	0	
