0	102	99	127	152	92	61	74	86	51	170	158	145	108	45	109	130	68	57	189	128	137	118	98	64	38	116	94	118	162	105	52	48	133	110	188	118	27	65	96	68	187	29	176	136	148	188	148	86	105	180	
173	0	134	169	73	89	156	39	137	101	79	132	62	192	119	33	157	152	60	61	117	174	169	121	24	159	181	77	105	173	180	135	116	115	133	120	139	109	98	118	107	138	23	27	38	104	80	136	187	24	113	
51	90	0	138	71	125	118	58	63	122	104	67	135	99	200	40	110	184	101	97	31	178	102	100	171	197	87	25	188	129	72	176	109	63	177	138	114	148	40	182	150	114	54	27	100	121	131	187	63	194	22	
76	188	94	0	178	187	163	38	197	181	166	188	33	151	132	147	187	185	86	61	170	196	68	187	50	113	98	44	134	23	41	155	102	75	78	163	187	107	103	158	67	184	114	166	196	56	33	175	143	95	61	
120	116	162	126	0	78	33	27	50	86	182	199	42	89	38	100	64	145	186	137	197	69	20	98	23	98	197	181	83	71	37	20	194	37	44	169	78	93	176	196	37	100	166	199	145	118	60	143	95	159	163	
54	79	90	149	93	0	50	24	100	123	30	97	156	125	195	78	71	195	95	143	61	194	61	141	108	25	137	46	21	63	112	181	178	106	170	29	48	162	126	36	87	132	24	90	198	123	119	41	61	196	159	
70	59	98	28	182	63	0	113	92	63	160	49	131	127	175	32	191	89	45	49	141	195	25	143	132	197	60	127	115	82	190	51	45	40	46	82	142	44	58	30	94	63	100	45	21	162	36	122	66	188	118	
134	180	124	146	122	77	30	0	121	97	42	147	110	104	68	62	160	61	76	108	86	103	180	76	67	124	39	151	26	152	156	46	128	192	79	106	164	98	120	25	134	55	23	165	147	122	69	101	146	94	184	
68	136	35	156	33	159	186	152	0	58	28	171	83	47	97	185	113	39	47	54	160	147	145	166	160	113	193	99	74	54	21	118	31	98	91	76	170	116	22	62	120	33	87	63	137	151	168	195	101	80	126	
51	166	80	191	143	90	117	92	32	0	94	133	55	85	62	56	40	92	76	65	25	22	179	174	88	71	191	115	68	42	181	57	149	29	89	181	53	138	54	66	69	94	149	28	78	143	45	195	77	106	101	
161	119	64	128	162	35	83	114	132	63	0	33	186	22	24	200	22	144	126	57	191	166	120	133	159	103	94	141	96	103	161	175	115	84	197	157	96	22	181	64	44	53	151	126	152	112	52	36	28	38	170	
182	56	100	168	122	62	108	38	82	126	41	0	191	123	28	164	132	159	92	25	127	163	163	117	23	43	145	108	124	20	21	148	102	30	185	36	90	108	152	100	127	81	52	157	133	46	55	152	42	149	129	
93	132	144	161	85	151	155	132	113	52	182	51	0	115	96	153	74	57	143	27	23	154	154	184	53	105	191	141	117	198	63	76	50	155	120	125	186	55	35	59	83	198	122	129	90	130	197	186	191	174	176	
108	84	109	116	55	152	159	113	32	198	70	154	183	0	108	187	174	104	34	55	104	96	113	90	63	24	50	173	159	189	53	27	148	53	50	89	142	151	198	198	178	135	197	50	148	200	149	108	178	67	192	
37	51	197	131	165	57	164	22	199	46	54	140	78	150	0	78	186	161	121	51	80	186	55	173	196	58	187	41	108	99	44	137	32	107	103	42	73	151	160	60	198	22	160	35	69	132	115	177	68	39	92	
88	169	153	56	85	39	93	139	174	189	45	159	58	30	72	0	170	174	183	29	135	97	120	130	110	62	53	75	109	172	101	103	130	127	165	46	85	86	52	175	128	55	181	121	81	157	52	109	121	74	71	
86	48	159	137	26	95	181	67	120	128	155	187	108	113	199	179	0	154	80	31	174	152	35	38	91	152	160	188	30	52	106	88	169	104	192	111	23	48	60	140	137	186	120	80	67	109	59	99	30	148	138	
109	37	96	122	75	93	99	142	31	153	150	200	138	160	43	148	148	0	162	155	167	101	134	52	58	118	71	167	158	107	53	144	140	122	181	197	82	96	168	59	161	72	188	75	94	106	156	49	61	101	72	
29	43	135	157	94	46	160	105	95	122	134	132	192	150	80	57	163	114	0	60	142	115	152	178	115	142	94	90	124	134	159	50	49	128	63	119	54	81	120	80	123	164	27	175	48	159	129	123	50	115	61	
64	138	65	31	172	89	39	176	151	76	99	123	90	137	61	148	44	76	186	0	90	49	116	37	115	82	54	35	62	114	118	73	37	128	168	88	107	166	75	140	176	114	117	29	147	129	56	99	49	187	128	
50	149	169	131	98	98	111	47	95	126	195	96	38	197	26	124	196	79	37	84	0	146	21	135	191	120	40	101	74	183	49	60	150	67	82	154	162	120	141	63	48	198	184	111	55	110	182	69	192	94	84	
34	80	125	185	46	34	185	191	41	116	73	68	120	184	176	151	137	89	147	69	101	0	193	42	43	34	152	119	75	122	26	163	151	163	122	144	22	192	98	111	36	24	187	82	95	85	120	150	27	79	196	
150	79	161	40	189	122	166	174	196	113	114	153	147	63	159	184	141	126	147	150	178	23	0	149	113	46	109	191	34	107	129	130	115	96	43	137	87	54	174	195	24	131	100	54	160	47	179	52	24	185	28	
183	96	162	170	28	54	145	53	141	30	167	106	123	159	60	125	109	94	102	44	81	78	36	0	123	85	183	160	114	43	182	78	103	73	130	108	124	126	158	148	33	92	118	148	84	23	179	198	176	70	145	
115	110	146	133	154	49	47	90	79	191	77	126	68	81	112	193	59	167	73	73	146	196	57	148	0	36	144	61	77	48	79	68	143	29	144	137	35	164	154	169	158	85	39	171	68	175	141	189	32	22	97	
94	144	62	118	75	145	135	26	186	23	45	141	22	67	100	200	135	164	169	165	172	166	58	130	79	0	105	97	55	176	21	145	145	138	109	116	40	67	149	180	154	104	156	182	75	134	88	22	109	63	164	
90	164	61	161	54	106	72	132	71	190	175	39	51	124	130	23	66	163	95	99	121	158	92	162	167	34	0	73	21	90	102	150	63	21	78	36	181	32	45	148	162	145	22	91	22	193	78	93	133	122	166	
131	124	46	168	42	157	171	40	22	72	50	25	165	174	76	133	105	30	160	146	181	149	41	132	158	196	191	0	63	134	81	94	37	43	154	154	157	180	168	170	22	132	196	162	58	153	137	106	74	97	181	
84	94	125	35	151	84	49	92	95	163	111	138	42	47	175	125	48	55	22	30	56	63	28	34	147	21	120	179	0	186	68	78	185	54	102	77	22	41	151	43	139	82	180	68	133	54	42	161	42	59	86	
89	35	156	165	169	170	161	178	133	63	58	199	93	28	103	187	22	174	82	189	44	42	181	103	176	54	75	48	135	0	89	87	72	50	196	168	41	174	168	187	96	102	75	69	191	139	85	174	35	168	54	
39	190	108	103	55	69	178	157	150	200	182	60	117	38	163	90	132	60	88	98	22	81	151	68	163	82	172	30	114	177	0	64	38	75	144	104	54	92	199	136	25	153	166	190	108	49	148	50	194	182	44	
73	115	24	124	121	176	184	38	167	145	75	133	107	144	153	143	145	107	186	105	150	34	123	75	112	77	126	139	51	192	157	0	116	134	81	99	166	35	125	48	29	41	141	53	43	24	170	38	157	162	55	
195	85	112	143	86	31	92	167	130	68	89	43	167	140	74	142	181	38	61	43	134	96	164	196	199	167	113	60	66	41	59	54	0	79	180	57	182	113	45	95	173	83	196	26	183	118	108	42	79	33	174	
153	43	96	119	103	50	90	75	174	132	146	125	105	174	88	187	189	181	61	184	121	58	73	22	68	156	182	39	36	155	178	20	105	0	33	72	175	129	128	28	46	118	83	77	52	94	187	87	77	54	26	
76	45	105	192	144	61	129	169	53	91	175	194	163	98	195	113	130	33	57	185	47	162	72	40	87	178	189	114	193	96	106	56	65	87	0	47	200	32	68	139	173	53	187	113	157	123	144	54	120	119	145	
111	162	33	180	177	194	154	134	168	100	193	192	64	86	109	109	176	20	44	181	43	70	113	40	125	37	38	184	129	112	107	145	40	181	84	0	154	58	125	99	144	183	153	89	22	28	99	23	124	88	106	
169	138	24	141	63	137	73	161	127	200	103	180	145	114	75	48	186	40	158	169	76	33	97	104	148	98	193	78	45	199	89	44	138	155	44	81	0	158	42	33	93	188	36	76	126	72	75	131	62	114	50	
39	101	33	96	147	158	96	78	59	69	121	153	57	111	75	45	159	65	185	191	77	108	86	60	171	83	90	79	136	62	104	156	158	45	116	196	194	0	49	156	177	53	101	141	29	153	161	101	190	151	46	
82	114	93	189	92	69	173	103	120	152	41	153	124	185	84	164	34	178	116	37	155	100	105	157	42	63	135	194	176	27	113	190	42	132	188	142	186	48	0	130	150	105	110	65	198	92	129	186	25	99	148	
50	151	111	177	86	188	132	158	164	54	151	197	174	89	133	33	64	131	131	67	85	132	177	143	68	94	141	151	113	188	138	69	154	199	148	20	111	171	195	0	132	200	84	64	33	87	187	136	139	55	163	
133	42	39	168	150	172	68	83	22	84	38	38	82	129	36	181	97	122	161	38	93	182	182	196	105	164	129	177	152	65	43	166	100	91	141	172	139	168	65	23	0	187	67	127	183	54	70	46	26	39	51	
111	180	44	135	55	71	90	90	59	158	178	65	53	107	26	200	194	24	139	136	108	158	194	136	68	196	140	189	82	103	175	141	171	21	45	189	39	133	65	158	106	0	29	74	61	156	167	71	125	117	153	
196	164	29	122	61	45	79	24	30	29	64	136	197	146	96	64	62	71	27	23	51	127	198	189	135	171	69	38	130	61	90	168	76	141	141	150	31	32	158	165	141	199	0	96	170	153	108	82	186	88	45	
116	31	196	151	139	119	69	193	60	97	179	83	194	71	68	69	157	178	22	191	105	94	85	68	124	125	89	190	67	155	60	167	108	21	63	160	193	79	194	43	91	68	118	0	184	107	74	21	60	163	65	
31	61	125	164	66	35	191	118	98	189	169	178	186	116	123	46	144	26	80	142	145	51	88	103	29	173	103	83	53	192	170	40	29	74	34	114	156	43	188	116	52	183	85	66	0	53	163	191	94	153	121	
22	169	170	44	82	85	111	158	109	152	45	50	85	112	97	155	138	161	157	127	195	165	109	130	158	55	127	194	56	61	83	124	187	200	102	96	27	69	116	179	78	60	78	129	86	0	70	56	172	162	142	
55	100	142	130	166	66	141	54	43	40	118	136	41	39	192	162	20	59	29	37	102	57	36	32	195	192	139	68	44	76	43	148	149	198	64	21	99	159	180	23	21	42	68	139	130	167	0	92	168	41	41	
76	73	146	196	187	48	26	39	96	165	61	76	35	126	153	130	27	179	32	89	26	30	153	25	96	180	189	50	152	132	159	34	176	23	94	84	142	108	89	136	31	102	96	146	139	55	136	0	174	113	69	
118	96	105	175	89	128	160	83	128	164	119	158	138	118	174	124	91	86	20	179	57	108	66	22	122	116	128	183	76	141	83	184	183	92	105	198	52	54	20	136	126	41	163	70	156	173	167	30	0	60	34	
135	185	147	193	73	147	130	166	143	29	169	193	164	199	133	76	130	36	71	175	45	68	147	58	66	68	67	182	48	74	142	30	187	46	23	187	134	148	36	107	89	152	111	82	85	69	53	55	103	0	64	
178	141	70	65	45	193	73	168	140	31	188	27	86	25	135	121	98	76	151	176	172	146	144	165	39	61	136	79	165	194	107	113	97	80	109	200	81	93	165	43	43	79	172	80	134	172	196	67	157	165	0	
