0	107	195	29	184	117	160	138	30	142	82	138	165	92	189	48	98	61	141	81	49	180	116	93	83	194	177	70	137	146	63	177	113	66	33	110	79	87	173	143	181	198	128	112	103	38	98	124	133	27	86	
63	0	33	139	49	193	64	69	53	100	47	128	37	42	183	193	61	137	130	184	136	23	32	68	148	32	67	132	132	28	26	57	133	69	121	46	28	163	23	38	185	103	162	82	30	139	157	122	129	124	180	
121	145	0	165	186	106	138	145	74	47	83	184	152	114	124	82	80	68	42	124	122	49	44	168	189	173	106	112	101	64	128	103	24	39	167	134	155	118	92	126	132	34	190	182	108	182	54	130	114	170	120	
105	196	169	0	124	71	52	111	46	95	164	160	43	94	30	79	198	50	82	72	83	63	151	48	47	85	83	172	154	99	67	73	143	182	50	48	57	107	183	120	77	58	161	36	65	136	193	180	104	38	152	
126	192	35	89	0	20	78	154	103	58	116	148	124	168	70	127	162	58	192	140	66	138	28	86	107	54	198	166	123	107	52	71	55	168	135	107	141	158	173	69	45	51	169	70	102	110	28	177	77	128	158	
167	76	143	149	177	0	70	61	94	139	177	64	74	42	116	114	189	176	63	34	166	196	52	101	35	154	61	181	85	49	108	68	176	189	103	174	174	77	72	179	198	183	97	84	47	69	118	76	181	56	181	
76	190	171	102	168	94	0	100	45	162	68	164	180	120	70	136	36	24	56	63	33	190	45	77	46	194	74	111	170	33	150	143	81	192	167	81	147	168	71	149	62	60	149	28	173	107	134	189	111	68	199	
150	124	57	44	48	59	76	0	190	181	157	86	144	137	66	89	62	43	131	157	111	89	97	155	27	88	129	78	43	72	33	153	117	59	79	120	40	157	87	44	112	57	156	38	70	163	124	160	191	20	52	
193	94	113	179	191	153	24	138	0	84	176	196	141	145	20	142	180	82	104	97	84	73	120	121	163	104	124	126	23	81	121	45	55	55	79	97	127	53	100	153	89	196	82	126	77	180	108	177	116	199	92	
120	136	144	173	83	50	39	189	197	0	180	152	154	120	48	109	76	187	67	138	47	168	197	187	63	184	38	36	78	199	59	173	163	199	95	85	156	89	107	116	176	79	38	168	132	167	71	30	33	168	87	
133	156	98	119	182	98	186	84	195	131	0	108	159	73	66	144	167	188	173	73	188	163	52	125	110	124	107	27	174	119	59	140	123	194	155	40	110	73	69	47	29	43	31	51	76	43	110	119	88	56	165	
57	164	95	93	153	87	76	148	34	162	118	0	146	158	63	181	61	116	51	75	42	63	109	101	24	124	20	48	181	127	166	33	105	133	57	123	98	114	64	46	192	23	99	71	114	96	87	23	50	125	153	
53	41	151	55	144	164	111	189	29	78	72	185	0	142	72	132	46	107	90	75	188	140	120	176	147	139	150	99	142	127	176	130	76	163	53	44	36	70	54	187	85	104	67	58	177	158	176	56	150	40	168	
80	166	186	64	121	77	97	118	179	182	25	148	193	0	84	97	79	68	183	97	80	26	46	92	42	183	140	84	178	21	139	36	34	45	89	129	29	47	95	153	193	28	103	141	53	159	75	171	48	165	171	
98	149	132	96	166	172	199	176	132	49	53	32	176	196	0	60	29	115	111	74	90	166	79	157	73	166	35	20	101	117	138	33	110	71	111	136	127	102	145	129	119	25	39	123	101	47	139	23	46	74	30	
198	189	196	87	169	193	191	27	149	32	83	54	46	27	103	0	38	35	106	25	93	191	123	156	66	35	193	126	164	31	64	73	157	104	88	179	93	169	192	76	60	127	167	59	167	44	125	25	189	28	163	
111	109	56	21	68	50	87	184	140	193	97	145	176	55	114	62	0	196	161	36	89	133	86	155	83	59	159	156	181	196	119	36	170	155	169	138	187	74	122	157	116	181	65	98	90	158	139	183	31	66	129	
192	155	45	22	151	62	182	70	47	70	160	174	172	94	89	106	33	0	76	187	141	82	198	61	66	121	174	182	127	31	109	65	145	67	37	175	198	167	27	165	119	192	159	61	153	168	33	182	169	79	81	
196	173	106	131	156	44	140	107	62	68	39	125	65	165	41	82	37	45	0	119	158	69	30	126	115	117	171	118	116	20	175	67	169	144	101	82	104	126	32	90	39	25	147	29	88	162	31	182	180	61	86	
115	97	110	35	172	111	132	128	177	85	64	163	168	195	123	192	188	25	31	0	177	176	162	70	176	67	151	90	151	105	102	148	168	92	200	168	105	143	86	151	128	127	192	177	178	98	75	126	78	48	67	
48	186	139	172	96	33	49	84	118	35	153	61	81	95	56	108	66	139	76	140	0	61	36	73	146	188	114	137	196	112	132	70	171	46	70	191	45	73	147	65	55	193	150	81	49	159	127	172	86	80	191	
108	60	149	166	96	103	135	128	197	50	123	180	121	141	120	42	193	136	80	40	70	0	189	22	193	147	129	72	69	182	52	39	25	36	172	81	21	136	61	200	27	30	173	85	65	50	139	74	85	139	57	
25	165	151	180	116	119	68	46	171	43	141	95	105	159	185	51	84	167	101	40	134	144	0	200	158	196	73	81	144	45	122	147	126	134	179	118	198	153	143	195	153	66	32	98	145	148	60	157	186	199	151	
196	111	187	83	23	137	90	145	159	186	78	36	131	160	37	149	38	53	110	46	26	21	167	0	196	197	34	69	183	152	61	111	104	44	116	86	53	81	145	40	27	74	67	115	110	60	110	76	179	93	197	
169	170	192	185	197	148	94	160	175	78	164	87	111	22	184	158	48	63	71	74	33	23	165	49	0	27	52	81	27	114	80	128	64	126	96	151	117	98	83	49	194	143	154	132	137	120	182	20	48	36	76	
139	28	159	151	81	126	46	72	152	66	31	171	134	75	114	83	88	64	79	143	71	195	27	62	130	0	118	199	161	135	61	135	26	92	182	136	77	125	76	172	177	70	178	70	136	71	66	97	25	148	199	
168	189	195	133	37	184	59	50	199	67	143	118	77	59	95	148	154	175	100	90	152	64	95	29	158	101	0	82	117	147	75	72	192	167	165	83	187	191	107	118	183	185	184	196	88	79	94	155	189	129	103	
24	192	58	147	171	43	164	116	37	154	26	49	149	86	21	137	112	178	181	24	39	78	180	125	187	140	85	0	161	186	134	89	133	153	54	182	85	96	146	28	60	27	149	97	145	37	136	43	24	163	139	
22	198	190	84	129	197	85	58	156	47	124	137	68	182	150	133	69	78	97	179	115	119	177	170	89	77	170	147	0	106	94	76	23	191	108	181	148	100	104	134	45	172	90	85	43	39	144	110	130	135	37	
186	179	165	56	139	132	102	59	125	128	142	57	153	176	191	170	50	114	161	36	189	123	118	190	26	63	75	96	184	0	36	70	61	106	155	99	144	87	117	186	36	120	83	144	193	79	53	53	70	54	71	
120	188	186	124	65	150	173	45	192	186	59	133	178	56	40	102	149	160	121	32	163	31	194	30	35	179	62	48	69	32	0	133	20	40	132	116	89	187	46	53	56	63	196	121	133	54	126	105	48	123	52	
82	28	33	190	168	65	126	126	200	120	37	148	147	131	72	51	39	166	104	113	96	112	35	65	127	179	198	101	69	154	167	0	104	130	55	58	140	184	109	161	33	82	87	171	107	164	139	151	23	149	194	
74	124	32	124	23	91	89	74	53	198	199	131	122	68	112	200	173	200	25	60	52	196	62	147	70	61	60	53	102	81	158	54	0	69	87	40	74	82	92	126	189	78	98	162	158	197	144	50	149	163	114	
119	180	105	29	42	176	84	87	72	186	153	125	171	69	153	75	145	62	113	61	173	64	53	60	149	22	52	199	135	157	70	167	34	0	64	26	188	111	167	192	55	137	143	42	77	158	178	186	113	189	24	
160	143	102	124	158	86	48	126	108	118	45	59	97	192	119	23	149	38	143	156	192	83	170	27	163	63	25	63	116	96	38	51	32	111	0	64	192	93	40	110	180	172	195	115	149	22	51	91	150	168	51	
169	24	113	137	32	64	45	114	71	41	134	126	193	196	48	159	159	33	62	171	33	118	117	128	21	101	93	180	39	156	95	82	59	62	141	0	35	82	89	127	79	68	200	151	166	91	162	24	109	145	121	
174	59	84	147	48	48	37	118	170	172	193	161	170	47	167	138	30	39	152	162	145	139	173	114	45	96	76	105	113	109	102	106	62	129	93	120	0	163	142	176	127	178	135	21	76	93	106	23	171	24	45	
190	148	98	88	91	55	133	190	154	47	64	114	52	37	184	142	115	46	104	142	86	111	51	89	84	121	115	161	148	114	181	83	43	63	168	115	85	0	82	60	171	61	48	147	131	167	181	87	86	66	91	
180	131	96	119	99	146	134	119	184	127	114	153	114	145	196	103	150	181	45	69	85	139	99	73	141	151	124	166	164	195	109	92	84	118	114	147	140	184	0	160	104	32	66	92	58	36	51	198	176	188	162	
45	158	63	89	31	70	177	128	123	157	184	122	199	196	199	31	34	58	136	112	20	66	44	187	82	200	52	86	31	24	113	43	47	151	93	193	186	109	169	0	175	148	94	52	142	21	97	54	108	184	92	
139	179	33	106	170	165	105	84	23	56	78	112	87	153	189	52	136	52	81	194	26	94	179	47	66	46	68	132	76	70	187	157	115	64	166	95	160	137	72	180	0	35	196	44	27	32	181	29	94	35	156	
164	120	83	27	82	90	134	75	44	63	138	150	40	66	158	180	164	94	193	109	60	185	175	136	104	185	186	41	196	104	118	136	160	110	130	72	90	24	120	83	30	0	85	136	176	159	187	46	128	100	110	
118	140	93	44	184	80	97	139	79	71	98	167	46	140	183	33	120	122	64	66	58	24	67	56	71	147	192	138	87	94	55	58	176	20	146	104	47	39	37	195	82	176	0	199	72	55	75	76	132	188	115	
64	116	48	108	144	56	180	128	57	72	40	119	27	153	147	87	20	60	97	22	121	171	111	113	185	78	67	168	72	155	186	143	57	174	196	106	50	71	198	194	115	190	55	0	134	69	61	164	91	153	105	
75	81	66	20	186	182	65	82	122	123	44	165	158	67	43	69	56	150	178	95	126	53	128	120	42	48	107	96	131	102	144	142	36	46	115	129	124	145	51	115	123	130	73	134	0	139	83	32	134	112	120	
22	87	124	169	63	153	162	54	166	109	84	185	196	124	49	26	95	34	192	188	125	143	174	112	153	112	181	62	75	128	40	174	155	166	104	27	46	169	106	83	101	48	63	137	91	0	78	111	53	157	85	
168	120	192	109	58	105	121	97	61	28	157	186	103	49	92	116	77	65	171	58	35	198	92	22	21	156	182	177	111	131	104	66	80	57	96	192	23	135	184	111	124	128	133	182	46	39	0	179	25	193	35	
182	182	133	143	102	50	146	119	95	127	20	148	43	47	85	74	42	28	173	145	29	160	174	116	77	57	34	25	89	72	98	121	99	82	190	189	105	29	136	172	177	53	126	200	161	179	31	0	76	167	148	
77	146	164	41	46	143	125	173	185	182	79	167	149	113	164	114	147	45	176	121	160	87	100	163	47	51	21	190	147	83	145	26	56	50	38	114	35	139	190	100	151	102	115	186	138	68	120	63	0	136	160	
81	90	37	132	46	88	142	88	61	176	157	191	108	144	167	97	190	116	111	159	79	151	188	132	137	72	52	125	146	149	27	183	187	133	106	154	124	88	72	149	69	184	61	42	172	135	127	54	100	0	21	
77	39	20	74	99	43	183	152	155	168	45	89	102	172	57	133	140	172	190	126	123	26	57	195	59	146	173	33	193	87	69	32	139	184	148	141	41	98	192	66	33	90	93	20	149	46	167	37	119	103	0	
